0,긴급구조 위치정보 품질…SKT > KT > LGU+--0,SK텔레콤이 긴급구조에 활용되는 위치정보 품질이 가장 우수한 것으로 나타났다	방송통신위원회는 긴급구조에 활용되는 위치정보의 2019년도 품질 평가 결과를 발표했다	119ㆍ122ㆍ112와 같은 긴급전화 신고 시 위치정보법에 소방청ㆍ해경청ㆍ경찰청은 이동통신 3사로부터 위치정보를 제공 받아 긴급구조 활동에 활용하고	방통위는 위급상황에서 활용되는 긴급구조 위치정보의 품질 정보를 일반에 제공함으로써 제공 사업자에게 긴급구조 위치정보의 품질 향상을 유도하고 긴급구조기관 등의 보다 신속하고 정확한 구조 활동을 지원하기 위해 긴급구조 위치정보 품질 평가를 실시했다	품질평가는 기지국ㆍGPSㆍ와이파이 위치정보에 대해 이뤄졌다	전국 22개 지역의 69개 지점에서 긴급구조기관 등의 긴급구조 위치정보제공 요청 시 위치정보사업자가 빠른 내에 정도의 정확한 위치정보를 제공하는지를 측정한 긴급구조 위치정보 품질 측정 시험 기지국 외의 GPSㆍ와이파이 측위를 통한 위치정보 제공이 원활하지 않은 긴급구조 위치정보 사각지대 단말기 시험 대상으로 진행됐다	조사결과 GPS 위치성공률은 SK텔레콤이 91 24 가장 높았으며 KT 90 95 LG유플러스 59 74 순이었다	와이파이 위치성공률도 SK텔레콤이 93 87 가장 높았다	KT 90 68 LG유플러스는 50 대인 57 41 머물렀다	긴급구조 위치정보 사각지대 단말기 시험 진행결과 기지국 위치정보는 외산 단말기ㆍ자급제 단말기ㆍ알뜰폰 단말기ㆍUSIM이동 단말기 제공되고 있었다	GPSㆍ와이파이 위치정보는 이용하는 단말기와 이동통신사 특성 등에 부분적으로 제공되고 있는 것으로 나타났다	특히 애플의 아이폰11프로맥스 등을 대상으로 긴급구조 위치정보를 측정한 결과 기지국은 제공 가능했지만 GPS와 와이파이는 제공하지 않았다	자살방지 등을 위해 항상 기지국 정보와 GPS와 와이파이 긴급구조 위치정보를 제공해야 하는 우리나라와 달리 미국은 긴급구조 전화 통화 시에만 기지국 정보이외에 GPS만을 제공하고 있는 점 등을 이유로 기능이 제한적으로 제공되고 있는 것으로 파악됐다	자급제와 USIM이동 단말기 등의 긴급구조 위치정보 측정을 위해 삼성전자 갤럭시S10 LG전자 G8를 대상으로 평가를 진행한 결과 기지국은 제공 가능했으며 GPS는 부분적 제공이 가능했다	반면 와이파이는 미제공이거나 부분적으로 제공이 가능한 것으로 나타났다	이는 일부 단말기의 경우 긴급구조 위치정보 요청 시 이동통신사 자체 측위서버로 GPS측위 하도록 긴급측위 모듈이 설정되어 있으나 일부 이동통신사는 자체 측위서버가 없어 GPS 정보를 미제공하고 있는 등이 원인인 것으로 조사됐다	방통위는 평가 결과를 토대로 미흡한 부분에 대해서는 보완해 정상화할 수 있도록 지속적인 노력을 기울일 이라며 향후 이용자의 선택권을 보장하고 긴급구조 활동의 효율적 지원을 위해 매년 긴급구조 위치정보의 품질을 평가하고 결과를 투명하게 공개하겠다 고 밝혔다	저작권자 무단전재
1,"보안 사각지대 ""중소기업""··· 올해 400개 기업에 컨설팅비 지원--0",저작권자 무단전재
2,서울역 LG빌딩서 20대 직원 투신 사고--0,서울 중구 서울역 부근 LG서울역빌딩에서 투신사고가 발생했다	경찰과 소방당국에 따르면 27일 낮 12시34분쯤 서울 중구 소재 LG서울역빌딩에서 A씨가 투신해 사망했다	유서는 현장에서 발견되지 않았다	아직까지 정확한 투신 이유는 밝혀지지 않았다	LG전자는 정확한 내용 파악을 위해 알아보고 있는 것으로 파악됐다	저작권자 무단전재
3,[DD퇴근길] 박원순 시장 아이폰에 성추행 증거 담겨있을까?--0,성추행 의혹 고소 사건을 수사중인 경찰이 고 박원순 전 서울시장의 스마트폰을 디지털 포렌식하기로 결정했다고 합니다	박 시장의 스마트폰은 보안이 쎄기로 유명한 아이폰 입니다	스마트폰 사용내역 디지털 자료를 분석해 사망 전 행적이나 성추행 의혹 등을 파악해 보겠다는 겁니다	박 시장의 아이폰에서 성추행 의혹을 객관적으로 증명할 만한 사진이나 영상들이 있다면 논란은 쉽게 종결될 것으로 예상됩니다	아이폰의 경우 10번 비밀번호를 잘못 입력하면 데이터가 삭제되는 등의 보안기능이 있어 뚫기 가장 어려운 스마트폰으로 꼽힙니다	그렇다고 못 뚫는 것도 아닙니다	국내 수사기관은 지난해 3월 청와대 선거개입 의혹으로 검찰 수사를 받다가 극단적 선택을 한 청와대 민정비사관실 소속 백모 수사관의 아이폰 잠금장치 암호를 해독해 낸 경험이 있습니다	보안은 뚫고 막는일의 반복입니다	아이폰도 시간이 걸리고 어려울 뿐 100 못 뚫는 것은 아니라고 합니다	박 전시장의 성추행과 관련한 논란을 종식시킬 증거가 아이폰에 담겨져 있을지 관심이 모아지고 있습니다	정부가 5년 내 90만개 일자리 창출을 목표로 주요 분야 디지털화를 추진하는 디지털뉴딜 정책을 공개했습니다	데이터 댐을 구축해 모두에게 개방하고 행정 의료 사회간접자본 측면에서 디지털 인프라를 확대하는 것이 골자인데요	2025년까지 58조2000억원 예산을 투입하고 총 90만3000개 일자리 창출 성과를 거두겠다는 구상입니다	일각에서는 우려도 나옵니다	새로운 일자리가 나오는 만큼 기존 일자리가 사라질 수도 있으니까요	데이터 네트워크 인공지능 미래기술이 전 산업에 적용되고 특히 오프라인 산업의 경우 비대면화 속도가 빨라지면서 반대급부로 기존 일자리가 감소되고 고용이 위축될 것이란 전망입니다	디지털뉴딜을 주도하는 과학기술정보통신부의 최기영 장관은 이와 관련해 사라지는 일자리보다 더 많은 일자리를 창출하고 사라지더라도 가능한 일자리 전환을 할 수 있도록 정부가 돕겠다 는 입장을 밝혔습니다	고용보험을 비롯해 재교육이나 평생교육 지원책을 더해 모를 일자리 쇼크를 최소화하겠다는 방침입니다	KT가 현대HCN 인수를 추진하고 있는 자회사 KT스카이라이프에 대해 선을 긋고 있는 모습입니다	구현모 KT 대표는 오늘 최기영 과학기술정보통신부 장관과 통신3사 CEO 간 간담회를 들과 만나 현대HCN 인수 향방에 대한 생각을 드러냈는데요
4,[DD퇴근길] 박원순 시장 아이폰에 성추행 증거 담겨있을까?--1,특히 그룹 차원의 인수 자금 지원이 가능한지 묻는 질문에는 스카이라이프가 재무구조가 튼튼하고 부채도 없다 는 말로 답을 대신했습니다	모회사인 KT로부터의 자금 조달 없이 KT스카이라이프 독자적으로 인수계획을 짜겠다는 얘기이겠죠	KT스카이라이프는 현대HCN 인수에 적극적으로 뛰어들고 있지만 당장의 현금은 3500억원 안팎으로 추산됩니다	반면 현대HCN 인수가는 5000억원 안팎으로 얘기되고 있죠	KT스카이라이프는 추가 부채를 질 생각까지 하고 있는 듯 KT로부터의 재원 조달도 대안으로 떠오르던 상황입니다	현대HCN 인수전이 방향으로 전개될지 주목됩니다	본입찰에는 SK텔레콤 LG유플러스 KT스카이라이프가 참전했다고 합니다	현대HCN은 다음주 내로 우선협상대상자를 지목할 방침입니다	넥슨이 24년의 서비스 역사를 지닌 바람의나라 모바일로 15일 출시했습니다	바람의나라	연 입니다	국내 최장수 온라인게임이 모바일로 재탄생 다시 1살이 됐습니다	바람의나라	연은 이른 오전부터 5만명이 넘는 서버 접속 대기열이 생길만큼 인기를 입증했는데요	2D 도트그래픽의 옛 감성을 훌륭하게 재현하면서 호평이 이어지고 있습니다	넥슨도 옛 콘텐츠를 100 이식했다고 강조했는데요	현대적 감성도 녹여냈습니다	캐릭터 자동이동으로 넣어 쉽게 접근 가능합니다	커뮤니티 기능도 강화했습니다	2020년대에 접하는 흔치 않은 2D 도트그래픽 신작이라는 점에서 상당 기간 눈길을 끌 전망입니다
5,[DD퇴근길] 박원순 시장 아이폰에 성추행 증거 담겨있을까?--2,영국이 20년 손을 잡아 온 화웨이를 배제하기로 했습니다	영국 통신사들이 블랙아웃 우려했지만 영국정부는 화웨이 장비를 걷어내기로 최종 결정했죠	반화웨이 정책을 요구하는 미국의 압박과 홍콩 국가보안법을 둘러싼 영국과 중국 간 갈등이 영향을 미친 것으로 보입니다	화웨이는 진보 대신 퇴보를 선택한 실망스러운 결정이라고 입장을 표명했습니다	영국정부는 지난 14일 보리스 존슨 총리 주재 국가안보회의를 열고 내년부터 화웨이 5G 장비 구입을 중단하고 이미 구축된 화웨이 장비를 2027년까지 전면 걷어낸다고 밝혔습니다	영국은 10조원 경제타격을 감수할 수밖에 없게 됐습니다	화웨이는 유감스럽게도 영국에서 화웨이 미래는 정치화됐다	미국 무역 정책에 것이지 보안 때문은 아니다 라고 말했습니다	통신4사는 2022년까지 3년간 유 무선 통신인프라 등에 약 24조5000억 25조7000억원 투자합니다	정보통신기술 산업 인프라 조성과 코로나19로 인한 어려운 경제환경을 극복하기 위해 통신4사는 적극적인 투자로 경기회복을 견인하기로 뜻을 모았습니다	이에 최기영 과학기술정보통신부 장관은 투자 세액공제 기지국 등록면허세 감면 인센티브 지원 노력을 지속한다고 화답했습니다	5G 단독모드 28GHz 투자를 확대해 완벽한 초고속 초저지연 성능이 구현될 수 있도록 노력을 당부했습니다	짧은 동영상 앱 틱톡이 연이은 악재에 휩싸였습니다	해외에선 이용 금지에 대비한 인플루언서들의 엑소더스 조짐이 보이는 가운데 국내에선 방송통신위원회에 과징금을 부과받은 것인데요	방송통신위원회는 틱톡이 법정대리인 동의 없이 만 14세 미만 아동의 개인정보를 수집해 정보통신망법을 위반했다며 1억8000만원의 과징금과 시정명령을 내렸습니다	사실 아동 개인정보 수집에 대한 틱톡의 법규 위반은 이미 미국에서도 문제된 바 있는데요 미국에서의 틱톡의 운명은 아직 결정되지 않았으나 이용자들의 동요는 이미 시작된 것으로 보입니다	외신에 따르면 일부 인플루언서들은 이미 틱톡이 금지될 경우에 대비해 팬들에게 인스타그램 유튜브 트위터 여타 소셜 플랫폼으로 이동해오길 권장하고 있다고 합니다	저작권자 무단전재
6,지하 세계 사이버 범죄 시장 격변··· 트렌드마이크로 “다계층 보안 수립해야”--0,트렌드마이크로가 지하세계의 사이버 범죄 서비스 거래 운용 패턴에 대한 내용을 담은 지하 세계 사이버 범죄 시장 보고서 8일 발표했다	해당 보고서는 지하 세계에서 활동하는 사이버 범죄자들 간 거래를 위한 신뢰가 무너지면서 전자상거래 플랫폼 디스코드 커뮤니케이션 채널로 이동함에 사용자 익명화가 증가된 것을 확인했다	지하 세계 시장에서 떠오르고 있는 주요 사이버 범죄는 성착취 범죄 사진 인증을 우회하기 위한 딥페이크 서비스 주사위 패턴을 예측하고 로블록스의 복찹한 캡챠을 파괴하는 AI 기반 겜블링 봇 해킹된 디바이스 기업 네트워크에 대한 서비스형 액세스 관련 서비스 웨어러블 디바이스 계정에 접근해 디바이스 교체를 요청하는 보증 스캠 등이다	에드 카브레타 트렌드마이크로 사이버 보안 최고 책임자는 새롭게 부상하고 있는 위협을 관리하기 위해서는 계층화된 리스크 기반 대응이 필수 라며 연구는 트렌드마이크로가 딥페이크 랜섬웨어 인공지능 봇 서비스형 액세스 고도로 타겟팅된 심 스와핑 등의 위협을 기업에 조기에 경고할 수 있도록 돕는다 고 말했다	보고서에 따르면 사법 당국의 적극적인 노력이 지하 세계 사이버 벚뫼 환경에 영향을 미치는 것으로 나타났다	국제경찰 조직에 여러 범죄 관련 조직 포럼이 삭제됐고 남은 포럼들도 지속적인 디도스 공격 로그인 경로 문제 등의 영향을 받고 있는 것으로 확인됐다	기존 지하 세계 시장에 대한 신용도가 약화되면서 거래처 검증 사용자 익명성을 높이기 위해 다크넷 트러스트로 불리는 신규 웹사이트가 생겨나고	지하 세계 시장들 판매자 구매자의 직접 결제를 지원하고 암호화폐거래 다중 서명 인증 암호화된 메시징 자바스크립트 금지 등의 보안 조치에 나서는 것으로 조사됐다	범죄 서비스의 체계적인 상품화가 진행됨에 관련 서비스 가격이 하락하고 있는 것으로 나타났다	일례로 암호화 서비스는 기존 1000달러에서 20달러까지 서비스 가격이 급락했다	일반 봇넷은 하루 평균 200달러에서 최대 5달러로 하락했다	반면 랜섬웨어 원격 액세스 트로이 목마 온라인 계정 크리덴셜 스팸 서비스 등의 서비스 가격은 안정세를 유지하며 지속적인 수요를 보이는 것으로 확인됐다	사물인터넷 봇넷과 같은 서비스에 대한 수요도 높은 것으로 나타났다	기존에 탐지되지 않은 새로운 악성코드의 변형 서비스는 5000달러에 거래되고 있는 것으로 조사됐다	가짜뉴스 사이버 프로파간다 서비스가 부상하고 있으며 유권자 데이터베이스는 수백달러에 거래되는 중이다	포트나이트와 같은 게임 계정은 평균 1000달러에 거래되는 것으로 조사됐다	한편 지하 세계 시장의 사이버 범죄는 진화하는 여러 유형의 공격을 통해 코로나19 사태 이후에도 계속해서 변화할 것으로 전망된다	트렌드마이크로는 변화하는 위협 환경에 대응하기 위해 최신 위협으로부터 보호하고 기업 보안 위협을 관리할 수 있는 다계층 보안 방식 수립을 권고했다	저작권자 무단전재
7,수도권 전면 원격수업 전환··· 교육부 “e학습터·온라인클래스 콘텐츠 강화”--0,교육부는 오는 26일부터 9월 11일까지 코로나19 확산 방지를 위한 서울 경기 인천 수도권 지역의 유치원 초 중 고 특수학교의 전면 원격수업 전환을 26일 발표했다	수능을 앞둔 고3 수험생들은 조치에서 제외된다	원할한 교육 지원을 위해 교육부는 EBS 온라인클래스와 e학습터를 전면 온라인 개학 당시 수준으로 확장했다	300만명이 동시 접속할 수 있는 규모다	플랫폼 담당 기관에 현장상황실을 구축하고 교육부와 기관 간 실시간 모니터링 체제를 마련했다는 설명이다	자연스레 온라인 개학 당시부터 제기돼 온 원격수업 전환으로 인한 교육의 질 저하 문제도 다식금 떠올랐다	준비가 되지 않은 상태서 원격수업을 진행하다 보니 크고 작은 실수가 잦았다	교사의 온라인 수업도구 활용 능력에 의존하다 보니 동일한 수준의 교육이 이뤄져야 하는 공교육에 적합하지 않다는 지적도 잇따르고	교육부는 원격수업 학습콘텐츠 지원 강화를 방안으로 내놨다	방송 중 고 교과 중학 프리미엄 콘텐츠를 2학기 말까지 연장해 홈페이지에 탑재하고 초등학교 1 2학년 유치원생을 위한 EBS 방송을 지속하겠다고 밝혔다	특히 EBS 검정출판사와 협력해 1학기에 개발되지 않았던 교과 콘텐츠 13종을 추가로 개발해 EBS 온라인클래스 e학습터 등에 탑재하겠다는 방침이다	한 교사는 온라인 개학으로 교사들도 정도 노하우가 쌓였다	EBS 온라인클래스나 e학습터를 활용하는 한편 동영상 위주의 다양한 교육 콘텐츠를 활용할 이라며 필요에 실시간 쌍방향 수업 도구인 화상회의 솔루션을 활용하는 양질의 교육이 이뤄지도록 노력하겠다 고 말했다	온라인 개학 당시 교육계는 다양한 수업도구를 활용했다	온라인클래스와 e학습터의 교육 콘텐츠를 중심으로 화상회의 솔루션인 줌 구글 미트 리모트미팅 등을 활용해 조회를 하는 등의 방식이다	화상회의 솔루션의 화면공유 기능을 활용해 학생들의 발표 수업이 진행되기도 했다	한편 교육부는 기초학력 지원대상 학생이나 중도 입국 학생 별도의 보충 지도가 필요한 학생의 경우 전면 원격수업 기간에도 1 1 또는 소그룹 등으로 등교해 대면 지도를 이어갈 예정이다	특수학교나 특수학흡 학생을 위한 맞춤형 학습지원도 이뤄진다	유은혜 부총리 겸 교육부 장관은 원격수업 전환으로 면대면 상담이 어려워진 상황에서도 학생과 교직원을 위한 심리방역을 지속적으로 제공해 나가겠다	지자체 경찰당국과 협조체제를 구축해 혹시모를 아동학대나 방치가 발생하지 않도록 살필 이라며 교육부의 원격수업 전환 결정이 수도권 지역의 감염 확산이 막는 시금석이 되길 기대한다 고 전했다
8,수도권 전면 원격수업 전환··· 교육부 “e학습터·온라인클래스 콘텐츠 강화”--1,저작권자 무단전재
9,불법의 온상 ‘다크웹’··· 암호화폐 이용해 전성기--0,다크웹 인한 피해가 급증하고	포털사이트의 아이디 등의 개인정보 유출이나 마약이나 불법 포르노 등의 거래에도 이용된다	높아지는 위험성에 비해 이를 막을 뾰족한 수가 없다는 게 더 큰 문제다	인터넷 공간은 크게 표층웹 딥웹 구분할 수	네이버 구글 일반 검색 엔진으로 검색 가능한 영역이 표층웹 일반 검색 엔진을 통해 검색되지 않는 영역이 딥웹이다	딥웹의 경우 종종 다크웹과 혼동해 같은 의미로 쓰이곤 일반인의 인식에 비해 무척 범위가 넓은 공간이다	검색에 제한이 돼 있는 기업 내부의 사설망이나 개인 이메일 클라우드 카페 포럼 개인 사이트 등도 딥웹이다	범주 안에 다크웹이 속해	다크웹은 명칭에서 알 수 있듯이 바깥에 드러나지 않도록 만들어진 네트워크다	이용자의 익명성 보호가 최대 목적인 셈이다	다중 우회 브라우저인 토르 등의 브라우저를 통해 접속할 수 있으며 암호화된 어니언 계열의 페이지가 대표적이다	다크웹 사건사고의 추적이 어려운 근본적인 원인은 토르 브라우저의 익명성 때문이다	토르 브라우저의 경우 3중 암호화를 거쳐 송수신되는 모든 패킷을 우회하기 추적이 어렵다	A라는 이용자가 토르를 통해 특정 사이트에 접속한다면 A부터 입구 중계 출구 3개의 중계지를 거쳐 사이트에 접속하게 된다	입구에서는 출구와 도착지를 모르고 중계에서는 출발지와 도착지를 모르며 출구에서는 출발지 입구를 모른다	토르를 이용해 악플을 달아 추적이 필요할 경우 출구 ip만 추적되기 A라는 이용자의 익명성은 보장되는 셈이다	토르 브라우저로 접속할 수 있는 다크웹에서는 익명성을 이용해 개인정보를 거래하거나 불법적인 마약 포르노 해킹툴 등을 거래하는 등의 일이 빈번하게 발생하고	폭발물이나 무기 등도 거래할 수	본디 수면 아래 감추어져 있던 다크웹이 대중이 알 수 있을 만큼 수면 위로 드러난 것은 암호화폐의 영향이 크다	기존에는 다크웹을 통해 불법적인 거래를 하면 인터넷 공간에서 익명성을 철저히 유지하더라도 수사기관이 자금의 흐름을 추적해 수사망을 좁히는 것이 가능했다
10,불법의 온상 ‘다크웹’··· 암호화폐 이용해 전성기--1,블록체인 기반 암호화폐의 등장으로 자금 유통에 대한 흐름을 추적하는 것이 어려워졌다	수사기관이 손을 놓고 있는 것은 아니다	액티브x 플래시 등의 플러그인을 통해 중계지가 아니라 이용자를 직접 특정하거나 수사기관이 직접 토르의 입구 중계 출구 노드 제공자가 되는 등의 방법이 사용된다	커지는 다크웹 위협에 검찰 경찰 등에서는 다크웹 관련 범죄 수사를 위한 체계를 구축하고	국내 보안기업 NSHC는 지난 12일 다크웹 내 정보를 추적하는 다크트레이서 개발해 일본에 서비스를 시작했다	국내 서비스를 앞둔 상태다	보안기업 관계자는 다크웹에서는 마약 총기 같은 위험물뿐만 아니라 포털의 아이디나 여권 정보 같은 개인정보도 활발히 거래되고 며 막연한 위협이 아니라 현실적인 위협이 되고 있는 상황 이라고 말했다	저작권자 무단전재
11,[국감2020] 공공의 적 구글…올해도 소득은 없었다 (종합)--0,과학기술정보방송통신위원회의 과학기술정보통신부 종합감사가 22일 마무리됐다	이날 국감은 5000억원대 금융사기를 일으킨 옵티머스 사태와 증인으로 참석한 구글코리아 임원에 대한 질타 등이 화두였다	옵티머스 사태와 관련해 서석진 전 한국방송통신전파진흥원 원장에 질문이 집중됐다	구글코리아의 임재현 전무는 정무위원회 국감 증인에 이어 과방위 증인으로도 출석해 구글플레이 인앱 결제 등과 관련해 여야 의원들의 집중포화를 받았다	5G 품질과 요금 논란은 여전했고 관련 질의가 이어졌지만 이전 감사 이상의 내용은 찾기 어려운 수준이었다	과학기술 출연연들의 방만한 연구환경 갑질 사태 등도 다뤄졌다	이날 국감에서 여야 할 없이 공공의 적은 구글이었다	정무위 국감을 마치고 과방위 국감 증인으로 출석한 임재현 전무는 인앱플레이 결제 망사용료 관련한 무임승차 논란 등으로 여야 위원들의 집중포화를 받았다	구글코리아의 경우 최근 수년간 국감 증인으로 존리 구글코리아 대표가 출석했다	존리 대표는 한국말을 상당히 잘 하는 것으로 알려져	통역으로 시간끌고 모르쇠와 불필요한 답으로 질타를 받은 인물이다	이에 여야는 실질적인 답을 할 수 있는 증인을 찾았고 낸시 메이블 워커 구글코리아 대표를 증인으로 채택했지만 코로나19 등을 이유로 불출석했다	돌고돌아 임재현 전무가 증인으로 채택됐다	상당수 질의는 구글플레이 인앱결제 강제 쏠렸다	임 전무는 한국 앱의 99 영향을 받지 않는다 큰 영향이 없다는 취지로 수차례 답변했으나 공감을 얻어내진 못했다	임 전무는 구글플레이 인앱결제 강제 관련 전기통신사업법 개정안이 통과될 경우 준수할 이라고 답하면서도 비즈니스모델에도 영향을 미칠 수 며 모호한 입장을 피력했다	이밖에 구글 검색 선탑재를 비롯해 우월적 지위 남용 조세회피 등의 질문도 빠지지 않았다	소득 있는 곳에 세금을 내야 한다는 여야 위원들의 질문 공세에 임 전무가 책임있는 답을 하기는 어려웠다	맹탕 답변이 이어지자 조승래 의원은 위임도 받지 않은 사람이다	그런 분을 앉혀놓고 질의했다 며 법적으로 대리인 제도가 됐든 책임 있는 사람의 답변을 받아야 하는데 모호한 상태에서 증언하는 것이 황당한 상황 이라고 증언의 실효성 여부를 되짚었다
12,[국감2020] 공공의 적 구글…올해도 소득은 없었다 (종합)--1,박성준 의원도 마지막까지 확인이 안 돼 저도 유감 이라고 말을 보탰다	이날 국감에서 통신 이슈는 단연 5G 였다	이전 국감 때와 마찬가지로 불통 품질에 대한 지적이 많았다	이용빈 의원은 5G 불통지역에 대해서는 보상기준을 마련해 보상해야 한다 며 5G 통신비도 적정한 가격으로 인하해야 한다 고 주장했다	5G 기지국이 깔리지도 않은 지역에서 5G 단말기를 팔고 비싼 5G 요금을 내는 것은 타당하지 않다는 것이다	같은 당 변재일 의원도 과대포장된 최대속도 망 구축에 비해 비싼 요금 등을 문제 삼았다	실현하기 어려운 20배 빠른 5G속도 20Gbps를 내세워 이용자 혼란을 부추기지 말고 국민에게 정확한 속도를 알리라는 지적이다	김영식 의원은 통신료는 5G 요금으로 받으면서 LTE 대비 저조한 망 구축으로 품질 논란이 계속되고 며 전국망을 빠르게 구축하면 해소될 문제니 적절히 대처해 달라 고 지적했다	참고인으로 출석한 김진욱 주원 변호사는 5G 품질 논란과 관련해 법적 배상이 가능하다 는 의견을 제시하기도 했다	이에 최기영 과기정통부 장관은 효율적으로 초기에 5G를 구축하기 위해 수도권 광역시 중심으로 전개할 수밖에 없어 미흡한 면이 있었다 며 가능한 빠르게 전국망 구축하겠다 고 답했다	이어 자급제 단말뿐 아니라 통신사에서도 5G 스마트폰 고객이 LTE 요금제에 신규 가입할 수 있도록 협의하겠다 고 시사했다	5000억원대 금융사기로 사회적 논란을 일으킨 옵티머스자산운용에 대한 질타도 이어졌다	특히 국민의힘 의원들은 KCA가 지난 7월 국정감사일인 10월13일 국회에 제출한 자료에서 670억원 옵티머스에 투자했다고 보고했지만 이어 10월15일 KBS의 관련보도가 나간 이후엔 1060억원 정정한 점을 지적했다	박대출 의원은 KCA는 국회에 허위자료를 제출하고 과기정통부는 부실감사를 한 꼴 이라며 과기정통부 감사 내용을 보면 엉뚱한 남의 돈을 KCA 운용 내역에 끼워넣는 엉터리 감사를 했다 고 지적했다	김영식 의원은 대규모 금융사기에 KCA가 마중물 역할을 했다 며 과기정통부는 꼬리자르기와 면죄부로 솜방망이 처벌을 내렸다 고 지적했다	박성중 의원도 KCA가 투자했기 국민이 믿고 1조원의 돈을 모으게 된 이라며 KCA의 옵티머스 투자는 처음부터 계획된 사기범죄의 시발점 이라고 주장했다	이에 최기영 장관은 전파진흥원이 마중물 역할을 했다는 것은 받아들이기 어렵다 며 문제가 있다는 것을 알고 경찰 수사까지 의뢰했다 고 해명했다	오후 증인으로 출석한 서석진 전 KCA 원장에게도 질의가 집중됐다	원장 모르게 대규모 투자가 이뤄질 수 있는지에 질의가 쏟아졌다	고위 실세 개입 의혹도 제기됐다
13,[국감2020] 공공의 적 구글…올해도 소득은 없었다 (종합)--2,서 전 원장은 자금운용위원회 위원장을 외부 전문위원과 목표치를 정하고 투자의 룰을 정하는 역할을 했지 투자 결정에 관여하지 않았다 고 선을 그으면서도 해당 시점 기관장으로서 송구스럽다 고 말했다	저작권자 무단전재
14,[주간 블록체인] ”해킹당한건 트위터다. 비트코인이 아니라“--0,이번주에는 버락 오바마 전 대통령 빌게이츠 마이크로소프트 창업자 유명인사들의 트위터 계정이 무더기로 해킹 당한 사건이 있었습니다	해커들은 유명인사의 트위터에 특정 지갑 주소로 비트코인을 송금하라 는 내용의 글을 올렸고 실제 송금하는 사람들이 있어 피해가 발생했습니다	이로 인해 비트코인이 다시 비판의 대상이 되기도 했습니다	범죄에 쓰인다는 게 이유입니다	암호화폐는 익명성을 기반으로 하기 해커나 범죄자들이 범죄 수익을 얻는 데에 종종 이용됐습니다	익명성을 기반으로 한다고 해서 범죄자들을 잡을 방법이 아예 없는 걸까요	정도까지는 추적 가능하기 아예 없는 것은 아닙니다	기존에는 추적할 수 없던 부분도 잡아내는 솔루션이 개발되는 추적 방법도 진화하는 중입니다	비트코인 거래내역은 블록체인 상에 투명하게 기록됩니다	지갑에서 지갑으로 BTC가 움직였는지 누구나 볼 수 있습니다	단 지갑 주소가 문자와 숫자가 조합된 복잡한 방식으로 이루어져 있어 익명성을 띄고 있습니다	익명성은 범죄자들이 비트코인을 이용하는 이유가 됐죠	비트코인을 전자지갑에 가지고만 있으면 아무 의미가 없습니다	비트코인이 실질적인 수익이 되려면 암호화폐 거래소에서 현금화를 해야만 합니다	해커도 해킹으로 얻은 비트코인을 언젠가는 거래소로 전송해야 합니다	범죄자가 거래소로 비트코인을 보낸다면 거래소로 보냈는지 블록체인 상에서 포착할 수 있습니다	과정을 분석하고 포착해내는 블록체인 분석업체들이 더 많아지고 있기 때문입니다	현금화를 지원하는 거래소는 일종의 실명인증 과정을 강제합니다	범죄자가 거래소에서 비트코인을 현금화하려면 개인정보를 제공해야 하므로 검거될 확률이 높아집니다	방식으로 범죄자를 검거한 사례도 있습니다
15,[주간 블록체인] ”해킹당한건 트위터다. 비트코인이 아니라“--1,우리나라 N번방 사태입니다	N번방 참여자들의 암호화폐 지갑 주소를 확보한 경찰이 거래소들에게 협조를 요청해 범죄자들의 정보를 확보하는 방식으로 수사가 진행됐습니다	잡히는 사람들이 생길 경우 아직 잡히지 않은 범죄자들은 더욱 자금세탁에 힘을 쏟겠죠	블록체인 상 추적을 어렵게 하는 믹싱앤텀블러 기법은 이제 많은 사람들이 아는 자금 세탁방법이 됐습니다	믹싱앤텀블러 기법은 암호화폐를 전송할 송금할 지갑으로 보내지 않고 여러 개의 지갑으로 쪼갰다가 합쳐서 보내는 방식을 말홥니다	전송내역을 블록체인 상에서 확인할 수 있다고 해도 자금을 수천 개의 지갑으로 쪼개면서 전송하면 확인이 힘듭니다	쪼개고 합치는 과정에서 지갑의 자금과 섞일 수 있기 자금의 원천을 추적하는 것도 어렵습니다	트위터 해커도 일부 자금을 믹싱한 것으로 확인됐습니다	블록체인 분석업체 크립토퀀트는 트위터 해킹 자금 중 4 8BTC가 믹싱용 지갑으로 전송됐다고 밝혔습니다	거래소를 통한 현금화가 아닌 장외거래를 통해 현금화하는 경우에도 추적이 어려워집니다	경우 보통 OTC 브로커를 사이에 끼고 현금화를 시도하기 때문입니다	OTC를 할 믹싱을 써서 자금을 보냄으로써 OTC와 믹싱을 사용하는 자금 세탁을 시도하기도 합니다	국내외 블록체인 분석업체 보안업체들이 믹싱 과정까지 추적하기 위한 솔루션을 개발하고 있습니다	대표적으로는 미국 업체인 체이널리시스 국내 업체인 크립토퀀트 웁살라시큐리티 수호 등이 있습니다	비트코인을 쓰면 안 잡힌다 는 편견도 깨질 것으로 보입니다	트위터 해킹으로 비트코인 가격에는 변화가 있었을까요	이번주 비트코인 가격은 크게 흔들리지 않았습니다	트위터 해킹 사실이 보도된 이후에도 0 7 정도 소폭 하락했을 뿐입니다	트위터 해킹으로 인한 범죄수익 물량은 12 8 BTC 정도로 가격을 흔들 만큼 많은 물량이 아닙니다	해킹 수익으로 얻은 비트코인이 아직 거래소로 입금되지도 않았기 실질적으로 가격 변화를 일으킬 수 없습니다
16,[주간 블록체인] ”해킹당한건 트위터다. 비트코인이 아니라“--2,트위터 해킹 보도 이후 특정 거래소에서만 가격이 하락하는 현상이 나타났습니다	미국 거래소 크라켄인데요	크립토퀀트는 FUD으로 크라켄에 상당량의 비트코인이 입금됐다 고 분석했습니다	보통 해킹이 발생하면 해킹으로 얻은 비트코인을 매도하려는 세력이 있기 가격 하락에 대한 두려움이 생깁니다	가격이 하락하기 전에 가지고 있던 비트코인을 팔아야겠다는 사람들이 생기면서 크라켄으로 비트코인을 입금하는 사람이 늘었습니다	크라켄은 미국 투자자의 비율이 높은 거래소이기도 합니다	크립토퀀트에 따르면 지난 15일 크라켄으로 4229BTC가 입금됐습니다	크라켄으로 입금한 BTC를 빠르게 팔아넘기려는 움직임이 나타나면서 크라켄에서 비트코인 가격은 한 8200달러대까지 떨어지기도 헀습니다	같은 거래소에서 비트코인 가격은 9200달러 선이었습니다	저작권자 무단전재
17,"스마트폰에 담기는 운전면허증, 왜 다 블록체인 쓸까--0",카카오톡에 담기는 모바일 운전면허증과 통신3사의 모바일 면허증 행정안전부가 추진 중인 면허증에도 블록체인 기술이 활용되고	모바일 운전면허증이 대표적인 블록체인 상용화 서비스로 자리 잡을 전망이다	지난 3일 카카오는 과학기술정보통신부로부터 카카오톡을 활용한 모바일 운전면허 확인 서비스 규제 샌드박스 임시 허가를 획득했다고 밝혔다	카카오는 올해 안에 카카오톡에서 모바일 운전면허 확인 서비스를 선보일 예정이다	통신3사 역시 지난 6월 경찰청 도로교통공단과 PASS 앱을 통한 모바일 운전면허증을 선보였다	정부도 올해 말부터 모바일 공무원증을 도입하며 이를 장애인 복지카드 운전면허증으로 확대할 계획이다	세 면허증에는 블록체인 기술이 쓰인다	신분증 위 변조 개인정보 유출을 막을 수 있는 대표적인 기술이기 때문이다	카카오는 위 변조 방지를 위해 면허증 발급 정보를 블록체인에 기록한다	사용자가 카카오톡 내에서 운전면허증을 등록하면 해당 정보를 사용자의 전자서명과 블록체인에 기록하는 방식이다	암호화해 기록되므로 프라이버시 침해를 막을 수 있으며 운전면허증을 제시해 사용할 때는 전자서명을 통해 동일인 여부를 확인하게 된다	통신3사의 방식도 이와	3사와 경찰청 도로교통공단이 함꼐 블록체인 원장을 공유함으로써 면허증 위 변조 여부를 확인한다	지난 8월 기준 PASS 모바일 운전면허증은 가입자 100만명을 돌파했으며 KT는 해당 면허증으로 통신 서비스 가입도 가능하게 했다	정부의 모바일 신분증은 개인정보 보호에 더 초점을 맞췄다	블록체인 기반 탈중앙화신원증명 기술을 활용한다	신분증 활용 과정에서 발생하는 개인정보 유출을 막는다는 취지다	DID란 Decentralized Identity 약자로 블록체인 기술을 기반으로 중앙기관 없이 자신의 신원을 증명하는 것을 뜻한다	DID로 신원을 인증할 경우 각각의 기관이 개인정보를 수집해 신원을 증명하는 현 시스템보다 신원인증에 들이는 시간을 단축할 수	모든 기관에 개인정보를 제공하지 않아도 되므로 개인이 직접 정보 주권을 소유할 수
18,"스마트폰에 담기는 운전면허증, 왜 다 블록체인 쓸까--1",사용자의 기기에 정보를 저장한 후 필요한 정보만 제출하는 방식이다	정부가 모바일 신분증을 도입하면 사용자는 개인정보를 제공할 필요 없이 필요한 정보만 선택적으로 제공하면 된다	블록체인에서 활용되는 영지식증명 기술을 활용 개인정보 제공 없이 성인 또는 자격 보유 여부만 검증하는 것도 가능하다	영지식증명이란 누군가가 상대방에게 것이 이라는 사실을 증명할 거짓 여부를 제외한 정보도 제공하지 않고 증명하는 기술을 말한다	모바일 신분증을 발급하는 기관은 신원확인 후 신원정보에 전자서명을 하는 방식으로 신분증을 발급한다	발급받은 사용자는 요청이 있을 때마다 필요한 정보에만 서명하면 된다	신원 확인은 블록체인 상에서 발급기관과 사용자의 전자서명을 검증하는 방식으로 이루어진다	행정안전부 측은 신분증 사용 과정에서 발생할 수 있는 프라이버시 침해 우려를 해소하기 위해 자기주권 신원증명 개념을 적용했다 며 블록체인 기반 DID는 자기주권 신원 개념을 구현하는 기술 이라고 설명했다	저작권자 무단전재
19,"보이스피싱 척결한다…정부, 종합대책 마련--0",정부가 보이스피싱 척결을 위해 전반위적인 차단 시스템은 당력한 단속 실효성 있는 피해구제 등을 담은 종합방안을 마련 시행하기로 했다	24일 과학기술정보통신부 금융위원회 경찰청 관계부처는 금융	통신	수사 전 분야에서 협력을 강화하고 보이스피싱 전 단계에 걸쳐 대응을 강화하는 방안을 마련했다고 밝혔다	먼저 정부는 보이스피싱 범죄 시도가 성공하지 못하도록 통신과 금융 분야에서 전방위적인 예방 차단 시스템을 구축한다 휴대폰의 개통	이용	중지 전 단계에 걸쳐 명의도용 전화번호 거짓표시 통신수단이 보이스피싱 범죄에 이용되는 자체를 사전에 방지한다는 계획이다	금융회사등의 경우에도 보이스피싱 의심 금융거래를 적극 모니터링할 수 있도록 FDS 구축을 의무화하기로 했다	금융회사는 앞으로 의무화 고도화되는 FDS 등에 기반해 보이스피싱 의심거래에 대한 모니터링을 강화하도록 하고 통신사는 전화번호 변작 차단 대포폰 유통 방지 통신서비스 부정사용 예방 활동을 강화하는 사업자의 의무도 강화된다	정부는 디지털 신기술 편리성 안전성 등을 고려해 금융분야 인증 신원확인 제도혁신 방안도 3분기 중 마련할 예정이다	보이스 피싱 단속과 처벌도 강화된다	먼저 관계부처 합동으로 연말까지 보이스피싱 민생침해 금융범죄를 일제히 집중 단속한다	특히 보이스피싱 범죄에 대해서는 일반 사기범죄보다 더 무겁게 처벌할 방침이다	금융회사등의 배상책임을 대폭 강화해 금융회사등이 스스로 사전예방 조치를 적극적으로 수행할 수 있도록 하고 피해구제도 강화한다	이용자의 고의 중과실이 없는 한 금융회사등이 원칙적으로 배상책임을 지도록 할 계획이다	정부는 종합방안으로 금융과 통신 서비스를 보다 안전하고 편리하게 이용할 수 있는 디지털 경제의 신뢰 기반 조성될 것으로 기대하고 며 국민들께서도 지연인출 이체제도 활용 스스로 지켜나가기 위한 노력도 기울여달라 고 당부했다	한편 24일 오전 최기영 과기정통부 장관과 은성수 금융위원장은 신한은행 본점을 방문 보이스피싱 예방 서비스 시연 행사에 참석했다	신한은행은 악성앱 원격제어앱 등이 설치 시 모바일뱅킹 앱 이용이 중단되는 기능을 선보였고 후후앤컴퍼니는 전화의 음성을 보이스피싱 범죄자의 음성 DB와 직접 비교해 위험도를 탐지하는 시범사업을 시연했다	저작권자 무단전재
20,"[국감2020] 코로나19 가짜뉴스 시정조치, 네이버카페가 가장 많아--0",허위 조작 등을 통해 사회적 혼란을 현저히 야기할 우려가 있어 시정 조치를 받은 코로나19 관련 가짜뉴스 196건 중 47건은 네이버카페에서 유통된 게시물이었던 것으로 드러났다	국회 과학기술정보방송통신위원회 소속 조승래의원이 방송통신심의위원회로부터 제출받은 코로나19 관련 사회혼란 야기 정보 심의 세부 내용 따르면 방심위가 시정 요구한 196건 중 가장 많은 조치를 받은 사이트는 네이버 카페였으며 유튜브 페이스북 네이버블로그 디시인사이드 일베저장소 순으로 나타났다	사이트별로 유통되었던 가짜뉴스를 보면 네이버카페의 경우 특정 확진자가 제약회사 직원 또는 의사라는 게시글이 가장 많았다	유튜브의 경우 8 15 보수집회 이후 보건소에서 코로나19 양성 판정을 받은 후 병원에서 재검사를 받았더니 음성이 나왔다는 내용이 계속 공유됐다	페이스북은 문재인 대통령의 왼손경례 합성사진이 가장 많았다	한편 현행법상 방심위는 가짜뉴스 형사처벌을 위한 법적 근거가 없어 수사 의뢰 없이 삭제 또는 접속차단 조치만을 하고	중앙재난안전대책본부 차원에서 범정부종합대책으로 경중에 형사처벌이 가능한 사례는 경찰청으로 신고하고 있는 실정이다	조승래 의원은 해당 가짜뉴스의 공유 현황을 보면 시정 조치 받은 가짜뉴스도 계속 확대 재생산되는 것을 알 수 며 감염병 등을 대상으로 현저한 사회혼란을 야기하는 가짜뉴스는 중대성이 매우 크기 방심위에서 시정 조치와 최초 유포자를 추적해 수사 의뢰를 할 수 있는 제도적 정비가 필요하다 고 강조했다	저작권자 무단전재
21,"칼 꺼낸 정부, 코로나19 가짜뉴스‧방역활동 방해 ‘무관용’--0",정부가 코로나19와 관련해 엄정 대응에 나선다	코로나19 방역활동을 고의적으로 방해하는 행위는 국가와 국민 안전을 위협하는 중대범죄로 간주해 무관용원칙을 적용하겠다는 방침이다	이에 법무부는 악의적으로 방역활동으로 방해하는 자는 구속 수사를 진행한다	경찰도 불법행위에 단호하게 대응한다는 방침이다	방송통신위원회는 코로나19 가짜뉴스 차단에 만전을 기한다	21일 법무부 행정안전부 방송통신위원회 장관은 정부서울청사 합동브리핑실에서 대국민 담화를 통해 이같이 밝혔다	법무부는 감염병예방법 관련 법령에 따른 집합제한명령위반 허위 자료 제출 역학조사 거부 방해 회피 방역 요원에게 침을 뱉고 폭력 행사 고의로 연락을 끊고 도주 조직적인 검사 거부와 선동행위 방역활동을 저해하는 일체의 행위에 대해 임의수사와 강제수사 법이 허용하는 모든 수단을 총동원하기로 했다	특히 악의적인 방역활동 저해 행위에 대해서는 구속 수사를 원칙으로 하고 법정 최고형을 구형한다	추미애 법무부 장관은 최근 일부 사람들의 무책임한 행동으로 인하여 코로나 발생이 믿기 어려울 정도로 급증하고 무서운 속도로 빠르게 재확산돼 2차 대유행의 문턱에 이르렀다 며 상황이 심각한데도 방역활동을 방해하고 국가 방역체계를 무력화 시키는 행위가 빈번하게 일어나고	국민 생명권을 침해하고 국가 존립을 위태롭게 하는 매우 분노할 중대 범죄 라고 말했다	행정안전부는 경찰에게 코로나19 확산 원인이 될 수 있는 불법행위에 대해서는 단호하게 대응해 달라고 당부했다	국민 생명과 안전을 지키기 위한 조치는 법과 원칙에 신속하게 집행해달라는 요청이다	행정안전부는 빈틈없는 국가 방역체계 가동과 지역사회 감염 차단을 위한 지방자치단체 역할을 강조했다	이를 위해 감염병예방법에 따른 자치단체장 책임과 역할을 과감히 수행하고 의심자 자가격리와 역학조사에 필요한 자료 확보 지역 내 확산 방지를 위한 조치들은 신속하게 시행하기로 했다	진영 행정안전부 장관은 불법 집회나 방역지침 위반행위가 계속된다면 그로 인한 피해는 방역지침을 준수하고 있는 선량한 다수의 국민들에게 돌아갈 이라며 정부는 코로나19 방역에 최선의 노력을 기울이는 한편 일체의 불법행위에 대해서는 무관용 원칙을 적용해 엄정 조치하겠다 고 전했다	방송통신위원회는 코로나19 관련 가짜뉴스 추적 관리체계를 강화하고 신속하게 차단해 뿌리를 뽑을 계획이다	야외에서는 코로나19에 감염되지 않고 검사결과를 조작한다는 가짜뉴스가 퍼지고 있는 상황에 적극 대응하겠다는 것이다	방통위는 국민이 정부의 공신력 있는 방역정보와 팩트체크 보도를 방송 통신서비스에서 빠르고 쉽게 찾아볼 수 있도록 조치하기로 했다	가짜뉴스를 생산하는 행위뿐만 아니라 유포 확산시키는 행위도 엄정하게 책임을 묻겠다는 입장이다	한상혁 방통위원장은 허위조작정보로 인해 정확한 방역정보가 국민에게 전달되지 못하면 혼란과 불안이 가중되고 방역에 빈틈이 생겨 피해는 고스란히 국민 안전에 대한 막대한 위해로 나타날 수 며 가짜뉴스를 유포하는 행위는 국가 방역정책에 대한 국민의 신뢰를 무너뜨리고 생명과 안전을 위협하는 중대한 사회적 범죄다
22,"칼 꺼낸 정부, 코로나19 가짜뉴스‧방역활동 방해 ‘무관용’--1",가짜뉴스에 현혹되거나 불안해하시지 말고 발견 관계기관에 신고하기를 바란다 고 요청했다	앞서 이날 문재인 대통령은 서울시 청사에서 열린 코로나19 서울시 방역 강화 긴급점검 회의에 참석해 신속한 역학조사와 방역조치를 방해하는 일들이 조직적으로 행해지고	필요한 경우 체포 구속영장 청구라든지 엄정한 법집행을 보여주길 바란다 며 대대적인 가짜뉴스를 통해 정부 역학조사를 비롯한 방역조치들을 방해하고 고 언급했다	이어 신속하고 선제적이고 단호하게 출입통제가 필요한 곳은 출입을 통제하고 집합이 금지돼야 하는 곳은 집합이 금지되게 하고 행정조사가 필요한 곳은 신속하게 행정조사를 통해 필요한 자료들을 확보하라 며 국민공동체 생명과 안전에 직결되는 문제이기 공권력이 충분히 국민을 보호하는 역할을 해야 한다 고 덧붙였다	중앙방역대책본부에 따르면 이날 0시 기준 코로나19 신규 확진자수는 324명 늘어 누적 확진자 수는 총 1만6670명이다	신규 확진자 중 244명이 수도권에서 나왔다	서울 성북구 사랑제일교회와 광화문 집회 관련 확진자 증가 추세다	저작권자 무단전재
23,"SKT 빅데이터 서비스, 경찰 순찰활동 지원 ‘코로나19 방지’--0",SK텔레콤이 코로나19 확산 방지를 위해 뛰어다니는 경찰들의 순찰 활동에 정보통신기술로 힘을 보탠다	SK텔레콤은 빅데이터 기반 실시간 유동인구 분석 서비스 지오비전 경북경찰청에 무상 제공한다고 23일 밝혔다	SK텔레콤은 지난 9일 경북 경산경찰서에 지오비전 기반 해당 지역 유동인구 데이터를 시범 제공해 코로나19 확산 방지와 국민 체감안전 향상을 위한 핀포인트 순찰을 지원한 바	경북경찰청은 이를 경북지역 전체로 확대 적용하기로 했다	SK텔레콤은 정부가 코로나19 공식 종결을 선언할 때까지 지오비전 서비스를 지속 제공할 예정이며 경찰청과 전국 모든 경찰서로 확대하는 방안을 협의 중이다	지오비전은 전국 유동인구를 5분 단위로 확인할 수 있는 서비스다	60테라바이트에 이르는 방대한 양의 데이터를 5분 단위로 분석하고 시각화 작업까지 완료해 고객에게 제공한다	기존 셀ID 측위 방식 대비 5배 정밀한 위치 정보를 제공할 수	이에 경북경찰청은 지오비전 데이터를 활용해 현재 인구 밀집도가 높은 지역을 확인 실시간 핀 포인트 순찰을 시행할 수 있게 됐다	SK텔레콤 장홍성 광고 Data사업단장은 국가적인 위기 상황에서 국민의 안전을 지키는데 조금이라도 힘을 보태기 위해 기술을 지원한다 며 SK텔레콤은 앞으로도 ICT를 활용해 국민 안전과 행복에 기여하기 위해 노력할 이라고 말했다	박건찬 경북경찰청장은 SK텔레콤과의 협업을 통한 ICT 활용 치안 활동이 시민의 체감 안전 향상에 크게 기여할 것으 이라며 경찰은 시민 안전을 지키기 위해 존재하는 만큼 모두가 힘들고 어려울 시민 마음까지 잘 살펴 꼭 필요한 곳에는 경찰관이 있다는 생각을 할 수 있도록 최선을 다하겠다 고 전했다	저작권자 무단전재
24,이랜드서 훔쳤다는 카드정보 공개한 해커···진위논란--0,지난달 22일 이랜드그룹에 랜섬웨어 공격을 가한 해커조직이 이랜드에서 훔쳤다고 주장하는 카드 정보 10만건을 공개했다	해커조직은 다크웹을 통해 이랜드가 협상에 응하지 않으면 매일 10만건씩 카드정보를 차례로 공개하겠다고 밝혔다	해커조직은 1년이 넘는 기간 판매시점관리시스템에서 데이터를 훔쳐왔다고 주장한다	랜섬웨어와 별건의 공격으로 카드정보를 확보했다고 전했다	해당 정보가 실제 이랜드의 정보유출인지는 불명확하다	이랜드 측은 랜섬웨어 공격을 받은 시스템과 고객 정보가 보관되는 데이터는 분산해 관리하기 정보 유출의 가능성이 없다고 선을 긋고	실제 해커조직이 사전 공개한 38건의 카드정보 중 29건은 이미 다크웹에서 유통되고 있는 정보로 확인됐다	지난 4월 싱가포르 사설 보안업체가 다크웹에서 유통되고 있다고 알려온 카드정보와 정확히 일치한다는 것이 금융보안원의 설명이다	보안업계에서는 이미 유출된 카드정보가 워낙 많다 보니 이를 짜깁기해 협박하는 것일 수도 있다고 전했다	실제 이랜드의 정보가 유출됐는지는 데이터를 보유한 이랜드만 알 수 있다는 것이다	일각에서는 이랜드가 해킹 사실을 숨기려는 아니냐 는 의혹도 제기된다	이미 해당 건에 대해 서울경찰청과 한국인터넷진흥원이 수사를 진행 중인 만큼 실제 피해가 있다면 이를 숨기지는 못한다	유출이 확실시되면 피해자에게 피해사실 안내가 필수적이기 때문이다	보안업계 관계자는 해커조직의 말을 그대로 신뢰할 수 없다	10만건의 카드정보가 공개됐으니 이랜드와 수사기관에서 실제 고객정보와 대조한 결과를 공개할 것으로 예상된다 며 현 단계에서 섣부른 추측은 금물 이라고 말했다	그는 다크웹에는 일반인이 상상할 수 없을 정도의 데이터가 유통되고	개인정보는 공공재라고 하는 말이 우스갯소리가 아닌 수준 이라며 이랜드의 정보가 유출됐는지와는 별개로 사태가 정보보호에 대한 중요성을 되새기는 기회가 됐으면 한다 고 피력했다	한편 해커조직이 공개한 카드정보는 다크웹을 통해 누구나 다운로드받을 수 있는 상황이다	다크웹 보안 전문기업 NSHC는 공개된 정보를 카드사별로 자동 선별했다	카드사가 요청한다면 피해 정보를 무료로 제공한다는 방침이다
25,이랜드서 훔쳤다는 카드정보 공개한 해커···진위논란--1,공개된 카드정보 대부분이 카드 만료기간에 여유가 있는 만큼 카드사들의 적극적인 대응이 요구된다	저작권자 무단전재
26,“귀찮은 건 빨리 없애버리는 민족”…간편한 ‘패스’ 어떻게 나왔나--0,운전면허증을 대체할 패스 높은 관심을 얻고	통신3사 본인인증 앱인 패스에서 모바일 운전면허확인 서비스가 24일부터 개시된다	서비스는 통신3사는 정부와 관련 파트너사들이 협력한 결과물이다	24일 통신3사와 모바일인증표준협회는 온라인으로 패스 서밋 2020 열고 신규서비스에 대한 소개와 사업방향을 공개했다	최기영 과학기술정보통신부 장관과 민갑룡 경찰청장 윤종기 도로교통공단 이사장 영상 인터뷰도 더했다	최기영 장관 사진1 은 패스는 디지털 정부는 지갑 없는 시대를 앞당기는 혁신 서비스 라고 평가하며 코로나19로 비대면 서비스가 중요해진 가운데 혁신 스타트업과 중소기업이 관련 기술발전에 많이 기여할 수 있도록 과기정통부도 지속적으로 지원하겠다 고 밝혔다	과기정통부는 전자서명 평가 인정제도를 마련하고	운전면허확인 서비스를 비롯해 패스에 추가된 서비스는 총 3종이다	보이스피싱을 예방하는 패스 피싱 사이렌 안심송금 서비스	통신3사는 지난해 9월 과기정통부의 ICT 규제샌드박스를 통해 임시 허가를 획득했으며 이후 금융권과의 협력으로 서비스를 확장했다	현재 패스 가입자는 3000만명을 돌파한 상태다	이날 서밋에서 김훈배 모바일인증표준협회장 사진2 은 주민등록증과 달리 신분 확인뿐만 아니라 운전 자격까지 담은 운전면허증의 범용성에 주목해 추가하게 됐다 며 차기 버전에서는 위조가 방지되는 애니메이션 QR과 바코드로 보안성을 더 강화할 예정이며 추후 정부와 협력해 신분 자격 증명 서비스를 계속 확대할 이라고 말했다	김훈배 협회장은 지난 9월 ICT 규제 샌드박스 승인 이후 패스에 대한 관심이 계속되고 며 눈에 띄는 댓글 가운데 귀찮은 것을 안하기 위해 미친 듯이 노력하는 민족 이라는 표현이 있었는데 말 그대로 신분증 지참이나 검사가 필요한 모든 것이 휴대폰 속 패스 하나로 가능해지도록 활용처를 넓혀나가겠다 고 강조했다	패스 내 운전면허확인 서비스는 위 변조가 어려운 블록체인 기술을 기반으로 고객의 운전 자격 신분을 증명한다	개인고객은 패스 앱에 자신의 운전면허 관련 정보를 등록하고 이후 본인 인증이 필요할 QR코드와 바코드 형태로 불러와 제시하면 된다	최근 코로나19 확산방지를 위해 시행 중인 전자출입명부도 가능하다	모를 남용을 막기 위해 서비스에는 블록체인과 통신사 자체 보안기술 서비스 유효시간을 두고 지연 시 재인증을 거치도록 했다	운전면허 정보의 진위를 검증하기 위해 경찰청과 도로교통공단 운전면허시스템 서버까지 전용선을 구축했다	전구간을 암호화해 외부 공격에 대비한다는 방침이다	통신3사는 작년 9월부터 경찰청 도로교통공단과 협력해 해당 서비스를 추진한 끝에 국내 최초로 디지털 공인 신분증을 상용화했다
27,“귀찮은 건 빨리 없애버리는 민족”…간편한 ‘패스’ 어떻게 나왔나--1,전국 CU GS25 편의점에서 사용할 수 있어 미성년자의 주류 담배 구매 일탈행위 방지가 기대된다	향후 전국 27개 운전면허시험장에 적용하고 카셰어링 업계와도 논의해 활용처를 확대한다	보이스피싱 예방 서비스도 선보인다	패스 피싱 사이렌 은 통신3사의 통신데이터와 NICE평가정보의 신용평가데이터를 합쳐 사용자에게 오는 전화 메시지상 금융 사기 위험을 미리 알려준다	신용평가사인 코리아크레딧뷰로의 거래 프로파일 정보를 머신러닝 알고리즘으로 분석 수취인의 계좌와 휴대폰의 명의를 비교해서 일치하지 않을 경우 고객에게 경고 메시지를 보내는 안심송금 서비스 도	김훈배 협회장은 최근 여러 사업자와 얼라이언스를 통해 모바일 신분증 협력 소식이 들려오고 있으며 정부에서도 모바일 신분증 확대 계획을 발표한 바 며 본인인증 서비스와 관련한 다양한 경험과 노하우를 시장 정부와 나누며 모바일 인증 시장을 넓혀나가겠다 고 강조했다	저작권자 무단전재
28,"KT파워텔, ICT로 대구경찰 수색작업 지원--0",KT파워텔이 정보통신기술 다목적수색시스템을 개발해 대구경찰 수색작업을 지원한다	KT파워텔은 대구지방경찰청 비글과 ICT다목적수색시스템 개발을 위한 업무협약을 체결했다고 30일 밝혔다	ICT다목적수색시스템은 매년 발생하는 실종자 범죄자 수색업무를 신속하고 효율적으로 진행하기 위한 스마트폰 앱이다	KT파워텔이 수색지역을 블록화해 수색상황을 실시간으로 상황실에 전송하면 대구지방경찰청 상황실에서 이를 모니터링해 무전 문자로 지휘할 수 있도록 개발할 예정이다	대구지방경찰청에서는 ICT다목적수색시스템 개발 자문 아이디어를 제공하고 KT파워텔은 무전통신 위치관제서비스 노하우를 지원한다	비글은 연구개발 기술 지원 등을 진행한다	해당 시스템으로 수색작업 중 현장 장애물 등으로 수색이 어려운 상황이라면 전문 요원이나 드론을 배치해 초기 골든타임을 놓치지 않고 빠른 안에 실종자 범죄자를 발견할 수	김윤수 KT파워텔 대표는 무전 서비스 분야 국내 최고의 기술력과 노하우를 바탕으로 현장 수색 업무를 한 단계 업그레이드할 이라며 업무 맞춤형 시스템 개발을 통해 국민의 소중한 생명과 안전을 지키고자 하는 대구지방경찰청을 적극 지원하기 위해 최선의 노력을 다 할 이라고 강조했다	저작권자 무단전재
29,[DD퇴근길] ‘갤럭시Z폴드2’ 구동 영상 유출?--0,20일 정보기술전문매체 폰아레나 등이 달 공개를 앞두고 있는 갤럭시Z폴드2 구동 영상이 온라인에 올라왔다고 전했습니다	갤럭시Z폴드2 는 삼성전자가 9월1일 발표할 접는 스마트폰인데요	삼성전자가 초격차 기술력을 과시할지에 이목이 쏠려 있습니다	공개된 15초 분량의 영상에선 미스틱 블랙 색상의 갤럭시Z폴드2 전원을 켜는 과정과 카메라 작동 화면 주사율 60 120헤르츠 디스플레이 설정 장면 제품을 접었을 때와 폈을 키패드 모습 등이 담겨있습니다	일상적인 사용 모습이 담겼지만 국내외에서 비상한 관심을 끌고 있습니다	정부가 코로나19와 관련해 엄정 대응에 나섭니다	코로나19 방역활동을 고의적으로 방해하는 행위를 국가와 국민 안전을 위협하는 중대범죄로 간주해 무관용 원칙을 적용하겠다고 합니다	법무부는 악의적인 방해활동 저해 행위에 대해 구속수사를 원칙으로 하고 법정 최고형을 구형할 방침입니다	법이 허용하는 모든 수단을 총동원하겠다고 하네요	행정안전부는 경찰에게 코로나19 확산 원인이 될 수 있는 불법행위에 대해 단호하게 대응해 달라고 당부했고 지방자치단체에는 의심자 자가격리와 역학조사에 필요한 자료 확보 지역 내 확산 방지를 위한 조치들은 신속하게 시행해달라고 요청했습니다	방송통신위원회는 코로나19 관련 가짜뉴스 추적 관리체계를 강화하고 신속하게 차단해 뿌리를 뽑을 계획입니다	가짜뉴스를 생산하는 행위뿐 아니라 유포 확산시키는 행위도 책임을 묻겠다고 합니다	서울고법 행정10부는 21일 예정된 항소심 선고기일은 달 11일 오후 2시로 연기하기로 했습니다	2심 재판부는 코로나19가 재확산되는 상황을 고려해 재판진행을 미룬 것으로 알려졌네요	방통위와 페이스북 2차전 쟁점은 접속경로 변경행위 관련 이용제한 여부입니다	지난 8월 서울행정법원 행정5부는 페이스북 접속경로 변경행위와 관련해 이용자 불편을 인정하면서도 이용제한에 해당하지 않는다고 판결했죠	결과적으로 1심에서 페이스북이 승소했고 방통위는 이에 불복해 항소했습니다	방통위는 재판부가 지적한 이용제한 기준 모호성을 개선하기 위해 제도적 미비점 보완에 나섰고 지난 20대 국회는 전기통신사업법 개정안을 통과시켜 해외사업자라도 서비스 안정수단을 확보하도록 했죠	이번엔 승패가 바뀔 수 있다는 기대감도 감돌고 있네요	정부가 주말부터 두 달간 온라인 종교활동을 지원합니다
30,[DD퇴근길] ‘갤럭시Z폴드2’ 구동 영상 유출?--1,최근 수도권 종교시설에서 집단감염 사례가 빗발치며 부득이 내린 결정인데요	과학기술정보통신부와 문화체육관광부 주도로 200인 이하 중소 종교단체에 기술적 매뉴얼 데이터 제공을 지원할 방침이라고 합니다	카카오TV나 네이버밴드 라이브 인터넷 생방송 동영상 플랫폼을 쉽게 이용할 수 있도록 매뉴얼을 제작 배포합니다	한국통신사업자연합회 홈페이지에 가면 쉽게 다운로드 받을 수 있습니다	통신사 협조를 받아 종교단체별 영상송출용 이동통신 1회선에 대해 10월 말까지 두 달간 50GB 데이터를 제공할 예정입니다	코로나19 확산세가 무섭습니다	정부도 교회의 대면 예배가 금지되는 상황이 급박함을 고려해 신속한 지원책을 내놨는데요	당분간은 집에서 안전하게 비대면으로 종교활동을 하는 것이 어떨까요	유튜브 뒷광고 사태와 직결된 공정거래위원회의 새로운 표시 광고 심사 지침 시행일이 열흘 남았습니다	관련 매니지먼트 업계에선 해당 지침에 따른 운영지침 재정비가 한참이며 직접 대중에 뭇매를 맞은 유튜버들은 이미 업계를 떠나버리거나 활동을 중단한 상황인데요	업계에선 전체적으로 흉흉하고 몸을 사리는 분위기 란 반응입니다	9월1일 시행될 공정위의 추천 보증 등에 표시 광고 심사 지침 개정안에는 인플루언서가 경제적 이해관계를 적절하게 표시한 예시가 나와있습니다	영상 시작부분과 끝부분에 소정의 광고료를 지급받았습니다	언급하고 자막 등을 통해 5분마다 반복적으로 표시하는 것이 포함돼있는데요	공정위 지침이 영상 콘텐츠 영역의 신뢰 회복은 이끌 것으로 보이나 광고 표시가 영상에서 자주 노출될 경우 기존의 재미와 팬덤을 그대로 유지될 수 있을지 장담할 수 없는 상황입니다	온라인 콘텐츠 시장 전반에 대한 신뢰의 공식을 처음부터 다시 만들어야하는 시점만은 분명해 보입니다	저작권자 무단전재
31,디지털성범죄 심각…200여명 연예인 딥페이크 영상 1000여건 유통--0,방송통신심의위원회는 25일 열린 디지털성범죄심의소위원회에서 불법 허위영상을 유통하는 디지털성범죄정보 52건에 대해 시정요구 의결했다고 밝혔다	이날 시정요구 한 정보는 우리나라 연예인의 영상을 음란한 영상과 합성해 딥페이크 등으로 유통한 해외 딥페이크 전문사이트 또는 SNS 계정 등이다	딥페이크란 특정 인물의 얼굴 신체를 인공지능 기술을 이용해 합성한 편집물을 말한다	이들 허위영상들은 매우 정교하게 합성돼 실제와 구분하기 힘든 수준으로 일부 사이트에서는 약 200여명에 달하는 연예인의 음란한 허위영상 1000여건 이상이 유통되고 있는 것으로 확인됐다	의뢰자의 요청으로 지인의 영상을 음란한 형태로 편집해 제공하는 일명 지인능욕 합성정보도 확인됐다	해당 정보에는 피해자 이름과 나이 거주지 개인정보도 유출돼 신속한 조치가 필요한 것으로 지적됐다	한편 최근 딥페이크 신종 디지털성범죄 피해가 증가하고 있으나 그동안 처벌 규정의 미비로 인해 음란물 또는 명예훼손 등의 요건을 충족하는 경우에만 규제가 가능했다	지난 3월 딥페이크 허위영상물의 제작 반포 행위를 처벌할 수 있도록 성폭력처벌법이 개정되어 6월 25일부터 시행하게 됐다	이에 5년이하 징역 또는 5000만원 이하의 벌금형을 받을 수	방통심의위는 디지털성범죄 피해자 보호를 위해 접속차단의 시정요구와 국제공조점검단을 통해 원 정보의 삭제를 추진하는 한편 허위영상물 제작 유포 행위 근절을 위해 경찰청 관계기관과의 공동대응도 강화할 계획 이라고 밝혔다	인터넷상의 디지털성범죄정보 피해발생 시 방송통신심의위원회 디지털성범죄심의지원단에 연락하면 24시간 신고 상담을 받을 수	저작권자 무단전재
32,"LG화학, 인도·대산공장 사고 수습 ‘아직’…사업 철수 검토?--0",LG화학이 전 사업장 긴급점검에 나섰다	단기 해결이 불가능한 문제를 발견할 경우 가동을 잠정 중단한다	안전 확보가 어렵다면 철수까지 고려한다	일은 이달 인도와 한국 대산공단에서 발생한 사고가 발단이 됐다	2건을 합쳐 사상자가 백여명이 발생했다	미래에 대한 약속에 비해 과거에 대한 언급은 적었다	배상 법적 문제를 고려했기 때문으로 풀이된다	31일 LG화학에 따르면 LG화학은 인도 가스 누출 사고와 한국 대산공장 화재 사고 수습을 이어가고	지난 7일 인도 안드라프라데시주 비사카파트남시 LG폴리머인디아에서 가스 유출 사고가 일어났다	반경 5킬로미터까지 12명이 사망하고 1000여명이 치료를 받았다	1만여명이 생업에 지장을 겪었다	지난 19일 한국 충남 서산시 대산공장 LG화학 촉매센터에서 화재가 일어나 1명이 죽고 2명이 다쳤다	인도 대법원은 지난 26일 LG폴리머스인디아 공장을 봉인했다	회사 관계자 출입을 막았다	국가환경재판소는 5억루피를 공탁하라고 명령했다	공장 봉인에도 사고 유발 물질 스티렌모노머 전량을 한국에 반송한 일이 법원 허가 없이 진행된 것도 문제 삼았다	관련 임직원 출국도 금지했다	LG폴리머스인디아가 환경규제를 위반하고 불법 영업을 했다는 것이 사법당국의 판단이다	LG폴리머스인디아도 맞소송을 냈다	필수 인원은 공장 출입이 가능해졌다
33,"LG화학, 인도·대산공장 사고 수습 ‘아직’…사업 철수 검토?--1",명단을 작성해 현지 경찰이 관리하는 조건이다	지난 13일 노국래 석유화학사업본부장을 단장으로 현장 지원단 8명을 파견했다	이들은 아직 현지에 머물고	현지에서 귀국을 막은 탓이다	LG폴리머스인디아 공장 봉쇄와는 별도다	지원단이 한국에 복귀할 경우 책임을 제대로 지지 않을 수 있다는 우려를 샀다	LG화학은 이들이 한국으로 돌아올 수 있도록 인도 당국과 협의 중이다	공장은 코로나19로 영업을 중단했었다	생산을 멈춘 3월24일부터 사고가 난 5월7일까지 SM 탱크 점검 보고서를 작성하지 않는 관리 소홀이 드러났다	비상상황 발생에 대비한 경보 시스템도 없었다	현지 주민은 공장 폐쇄를 요구하고	작년 LG폴리머스인디아의 매출액과 당기순이익은 2226억원과 63억원이다	대산공장 관련 시설도 운영 중단 중이다	관계당국의 조사가 끝나지 않았다	화학 사고는 안전 확보 후 원인을 파악한다	고용노동부와 서산경찰서 사고 원인과 법령 준수 등을 점검하고	사상자 장례와 보상 등은 마친 것으로 전해졌다	LG화학은 6월 한 달 세계 40개 사업장 고위험 공정 설비를 긴급 진단키로 했다	단기 개선이 어려우면 가동을 잠정 중단키로 했다	정밀진단은 외부 환경안전 전문기관과 하기로 했다
34,"LG화학, 인도·대산공장 사고 수습 ‘아직’…사업 철수 검토?--2",외부 기관 선정 중이다	지난 20일 구광모 LG 대표가 신학철 LG화학 대표 등에게 근본적 대책을 강도 높게 주문한 후 나온 대응이다	신 대표는 지난 26일 현재 운영하는 사업도 환경안전 확보가 어렵다고 판단되면 철수까지도 고려할 이라며 철저한 반성을 통해 모든 것을 원점에서 재검토하고 근본적인 대책을 강구해 사업과 환경안전에서 이해관계자의 신뢰를 한층 높여 가겠다 고 약속했다	신 대표의 발언은 철수보다 재발 방지에 무게가 실렸다	인도와 대산 설비 폐쇄 등은 없을 전망이다	과거보다 미래가 중심이다	사과도 없었다	사과를 할 경우 법적 책임을 피할 수 없다는 점을 따진 것으로 보인다	이에 LG화학이 인도와 대산 사고 정리 결론이 날지 관심이 모아진다	LG화학은 여론 전환 수습 비용 최소화 기존 위기관리 전략을 이어갈 가능성이 크다	브랜드 타격은 불가피하다	LG화학은 기업 중심이다	사업 차질 변수는 아니다	반면 LG 브랜드 전반에 미칠 영향은 별개다	그동안 LG는 인도 국민 브랜드 정착에 공을 들여왔다	LG전자 등은 코로나19로 국내 사업 비중이 커졌다	인도는 장례를 미룬 피해자 시위까지 발생했다	LG폴리머스인디아를 가중처벌해야 한다는 것은 주민 의견만이 아니다	화학 재해가 인도의 국가적 트라우마라는 점도 부담이다	대산도 좋은 분위기는 아니다
35,"LG화학, 인도·대산공장 사고 수습 ‘아직’…사업 철수 검토?--3",공교롭게도 올해 들어 대산공단 입주기업 사고가 잇달았다	2월 한화토탈 컨테이너 사고 3월 롯데케미칼 폭발 사고 4월 현대오일뱅크 악취 사고 등이 연이어 있었다	주민 불안이 극에 달했다	저작권자 무단전재
36,"“배달료 4000원으로” …커지는 인상론, 중개 플랫폼업계 과연 받을까--0",최근 배달 기사노조인 라이더 유니온에서 대형 배달 중개 플랫폼사들이 수수료를 낮춰서 상점주들이 배달료를 더 지불할 수 있는 여력을 만드는 것이 필요하다 는 목소리가 나왔다	이에 자영업계에선 배달료 인상에 동의하는 의견을 냈다	반면 배달 중개 플랫폼 업계는 신중한 태도를 보였다	라이더 유니온의 주장은 기본 배달료를 건당 4000원까지 올리자는 것이다	라이더가 안전하게 신호를 준수하면서 주휴수당을 포함한 최저임금을 상회하는 수입을 얻을 수 있도록 하는 최저 기준이 4000원이란 내용이다	라이더 유니온측이 밝힌 현재 평균 배달 단가는 약 3000원이다	이에 대해 박정훈 라이더 유니온 위원장은 당연히 소비자와 음식점의 부담이 늘어날 이라고 전망했다	그는 10년 전에도 3000원 정도였던 배달료가 이제야 조금씩 오르고 있는 상황이라며 고통 분담을 호소했다	배달 업계에선 라이더 유니온이 제시한 배달료에 대해 터무니 없진 않다 는 반응이 나왔다	서울 기준으로는 이미 3500원 4000원을 받는 경우도 있어 일리 있는 인상안이란 의견이었다	여기서 라이더의 대다수를 차지하는 배달대행사 라이더들의 배달료는 상점주가 고객과 나눠서 부담한다	일례로 배달 중개 플랫폼에 표시된 배달료가 1000원일 총 배달료가 3500원인 경우라면 상점주가 2500원을 부담하는 것이다	라이더유니온에 따르면 이렇듯 상점주와 고객이 부담한 3500원 중 100원은 배달대행 플랫폼이 가져가고 200원 300원은 동네 배달대행사가 가져간다	배달의민족 요기요 쿠팡이츠 같은 배달 중개 플랫폼을 이용하는 상점주는 배달료에 더해 수수료도 지출하게 된다	업계에 따르면 배민은 오픈리스트 6 8 울트라콜 8만8000원 요기요 12 5 쿠팡이츠 1000원 수준이다	구교현 라이더유니온 기획팀장은 배달 중개 플랫폼들이 이같은 수수료를 낮춰줘서 상점주들이 라이더에게 배달료를 더 지불할 수 있도록 여력을 마련해줘야한다 지적한 것이다	이와 관련해 한국중소상인자영업자협회 관계자는 4000원이란 돈을 누가 부담을 해야 하냐는 측면에선 주문 중개 플랫폼 업체가 부담해야 한다고 생각한다 고 말했다	자영업자협회 관계자는 라이더들이 배달 시간에 대한 압박이	다들 목숨을 걸고 배달을 하고 있는데 돈을 많이 버는 이들도 있을 이라며 돈을 많이 버는 이들은 건강을 해쳐가면서 잠을 못 자면서 목숨을 걸면서 일하고 고 전했다	이어 그는 걸 누가 조장했나
37,"“배달료 4000원으로” …커지는 인상론, 중개 플랫폼업계 과연 받을까--1",안전하게 배달을 하려면 적정한 시간이 있어야 하는데 시간을 지키지 않으면 콜을 안 주거나 패널티를 매긴다거나 라이더들한테 제약을 주는 배달 중개업체들이 문제 라고 덧붙였다	이에 대해 주문 중개 플랫폼 업계에선 수수료 관련해서는 내부적으로 많이 고민하고 며 신중한 반응을 보였다	배달료는 기본적으로 라이더가 식당주에게 받을 것으로 배달료 인상에 관해선 플랫폼의 수수료 이슈가 본질이 아니란 시각도 있었다	한편 지난 8월 경찰청은 음식 주문 배달 서비스가 증가함에 오토바이 이륜차로 인한 교통사고 사망자는 265명으로 전년 동기 대비 13 7 증가했으며 같은 기간 이륜차로 인한 교통사고 건수는 2 7 증가했다고 밝힌 바	저작권자 무단전재
38,[국감2020] 10년간 보이스피싱 누적피해 2조5000억원··· 환급률은 20% 불과--0,지난 10년간 보이스피싱 범죄로 인한 누적 피해 규모가 2조5000억원에 달했으나 환급률은 20 정도에 불과한 것으로 나타났다	범죄발생 건수도 지난 10년간 연평균 40 폭증세를 보이면서 누적 범죄건수가 20만건을 넘어섰다	8일 국회 행정안전위원회 소속 양기대 의원이 경찰청과 금융위원회로부터 제출받아 분석한 지난 10년간 보이스피싱 범죄발생 현황 자료에 따르면 지난 2011년부터 2019년까지 보이스피싱으로 인한 누적 피해액이 2조2934억원을 기록했다	올 상반기 피해까지 더한다면 10년간 피해규모는 2조4511억원에 달한다	같은 기간 범죄발생 건수도 폭증 양상을 나타냈다	2010년부터 2019년까지 발생한 누적 범죄건수는 19만4894건으로 연평균 41 2 급증했다	올 7월까지 발생한 범죄를 포함하면 21만3620건으로 20만건을 넘어섰다	2019년 발생건수가 2010년의 5455건에 무려 7배에 달할 정도로 보이스피싱 범죄가 기승을 부리는 상황이다	해마다 범죄건수가 폭증하는 가운데 총 환급액은 5678억원에 불과했다	돌려받지 못한 실제 피해금액은 1조7256억원가량이다	양 의원은 보이스피싱 범죄 피해금액과 발생건수는 기하급수적으로 늘어나는 반면 환급은 게걸음 수준일 정도로 미미하다 며 범인을 끝까지 추적해 검거하고 피해금액의 수 배에 달하는 징벌적 손해배상제를 적용하는 강력한 척결 대책을 펴야 한다 고 말했다	저작권자 무단전재
39,"[IT클로즈업] 美 ITC 소송, 불확실성 커진 SK이노베이션…왜?--0",LG화학과 SK이노베이션 미국 국제무역위원회 소송이 SK이노베이션에게 불리한 방향으로 흘러가고	SK이노베이션이 제기한 소송 최종판결이 LG화학이 낸 2건의 소송 나는 것으로 정해졌다	운신의 폭이 좁아졌다	ITC는 지난 5일 SK이노베이션이 LG화학 등을 특허침해로 고소한 소송 최종판결을 2021년 11월30일 하기로 했다	예비판결은 2021년 7월30일이다	양사는 ITC에서 총 3건의 소송을 진행하고	LG화학이 SK이노베이션을 영업비밀침해로 고소한 1차 소송 SK이노베이션이 LG화학을 특허침해로 고소한 2차 소송 LG화학이 SK이노베이션을 특허침해로 고소한 3차 소송이다	소송을 제기한 시점에 1차 2차 3차를 구분한다	1차는 작년 4월 2차와 3차는 작년 9월 접수했다	판세는 SK이노베이션이 불리하다	소송도 협상도 마찬가지다	ITC 결정으로 일정까지 SK이노베이션에게 도움이 되지 않을 가능성이 높아졌다	1차 소송은 예비판결까지 진행했다	SK이노베이션이 조기패소했다	2차 소송은 ITC 산하 불공정수입조사국 논의까지 이뤄졌다	LG화학 입장에 동의했다	SK이노베이션 입장은 반대하지 않았다	예비판결은 최종판결에서 뒤집힌 경우가 없다	OUII 의견은 참고사항이다	LG화학은 법리 다툼 없이 유리한 결과를 얻었다
40,"[IT클로즈업] 美 ITC 소송, 불확실성 커진 SK이노베이션…왜?--1",ITC 소송은 서로가 서로에게 자료를 요구해 자료를 바탕으로 자신의 주장을 입증하는 구조다	증거인멸은 정당한 소송을 방해한다는 점에서 제재 대상이다	LG화학은 SK이노베이션이 증거인멸 했다는 점을 잡아냈다	1차 소송 예비판결과 2차 소송 OUII 결과 증거인멸이 결정적 원인이 됐다	협상은 지지부진하다	양사 기대치 간격이 크다	그룹 차원 감정 싸움으로 번졌다	SK이노베이션은 소송 초기 양사 소송은 국익에 도움이 되지 않는다 는 태도를 견지했다	LG화학은 기업 사이에 벌어진 일을 국익으로 덮으려 한다 고 반박했다	국익 논란이 커지자 정부가 양사 고위급 만남을 주선했다	작년 9월 LG화학 신학철 대표와 SK이노베이션 김준 대표가 자리를 가졌다	성과는 없었다	LG화학은 경찰과 검찰 고소를 병행했다	일의 발단은 LG화학 직원의 SK이노베이션 대량 이직	LG화학은 직업 선택의 자유 저해 임직원에 대한 통제 강화 비난을 받았다	대신 도덕적 비판을 받더라도 법적 실리를 취하겠다는 의지를 명확히 했다	SK이노베이션은 톱다운 협상 기대를 버리지 않았다	2014년 양사 합의문 공개했다	LG 권영수 부회장을 소환했다	권 부회장은 2014년 당시 LG화학 배터리 사업을 맡았었다
41,"[IT클로즈업] 美 ITC 소송, 불확실성 커진 SK이노베이션…왜?--2",ITC 3차 소송이 2014년 합의를 위배했기 권 부회장이 책임을 져야 한다 는 논리를 펼쳤다	관련 국내 소송도 냈다	LG화학은 대응하지 않았다	국내 소송은 지난 8월 1심 판결이 났다	SK이노베이션이 패소했다	SK이노베이션은 다시 국익 카드를 꺼냈다	LG화학은 SK이노베이션 협상 자세에 의구심을 표했다	협상에 무게를 뒀다면 상대에 대한 비난을 자제해야 하는 아니냐고 했다	국익 거론 자체가 본질을 흐린다고 판단했다	기업간 영업비밀침해와 특허소송은 대개 협상으로 끝난다	소송은 협상에서 유리한 패를 쥐기 위한 수단이다	양사는 ITC에 상대 제품 미국 수입 판매금지를 요구한 상태	최종판결은 60일 이내 미국 대통령 재가 여부로 확정한다	LG화학은 1차 소송 예비판결로 확실한 패를 1개 쥐었다	SK이노베이션이 이를 상쇄하려면 2차 소송 승리가 필요하다	일정상 SK이노베이션이 원하는 패를 받더라도 LG화학을 압박하기가 힘들어졌다	1차 소송 최종판결은 12월10일이다	2021년 2월8일 효력이 발생한다	2차 소송 예비판결은 7월30일이다	최소 5개월 사업 차질이 불가피하다
42,"[IT클로즈업] 美 ITC 소송, 불확실성 커진 SK이노베이션…왜?--3",LG화학이 원고인 3차 소송 최종판결은 2021년 7월19일이다	SK이노베이션보다 먼저 LG화학이 1장의 패를 더 볼 수 있는 셈이다	가뜩이나 기울어진 운동장이 더 기울어질 위험이 높다	주주와 고객사가 인내할지 미지수다	한편 시간은 LG화학의 편이라는 평가다	LG화학은 지난 10월30일 전지사업 분사를 확정했다	12월1일 LG에너지솔루션이 출범한다	LG화학 100 자회사다	LG화학 전지사업은 지난 2분기부터 흑자를 기록 중이다	재원 운용 선택지가 늘어났다	SK이노베이션은 1차 소송 최종판결 확정 전이 골든타임이다	협상 급진전은 쉽지 않아 보인다는 것이 업계 관측이다	인사와 마감 등이 겹친 시기기 때문이다	SK이노베이션은 지난 3분기까지 3분기 연속 적자다	배터리 사업은 2022년 손익분기점이 목표다	사업 차질과 협상 지연 다 악재다	저작권자 무단전재
43,"박원순 시장이 사용하던 아이폰, 디지털 포렌식 가능한가?--0",성추행 의혹 고소 사건을 수사중인 경찰이 고 박원순 서울시장의 스마트폰을 디지털 포렌식하기로 결정했다	디지털포렌식은 디지털 기기의 데이터를 수집 분석하는 기술이다	포렌식 작업이 순탄치만은 않을 전망이다	박 시장의 스마트폰이 아이폰 이기 때문이다	디지털 포렌식을 통해 박 시장의 스마트폰 사용내역 디지털 자료를 분석해 사망 전 행적이나 성추행 의혹 등의 정황을 파악하는 데 단서가 될 전망이다	박시장의 휴대폰을 디지털 포렌식하지 않더라도 고소인의 휴대폰에 박 시장으로부터 받는 성추행 의혹을 객관적으로 증명할만한 사진이나 영상 증거들이 있다면 혐의를 입증하는데 크게 문제는 없어 보인다	디지털포렌식을 위해서는 먼저 비밀번호 해제 보안 무력화 작업이 요구된다	통상 비밀번호 해제를 위해서는 모든 경우의 수를 대입해보는 무차별 대입 등을 사용할 수 있지만 아이폰의 경우 10번 비밀번호를 잘못 입력하면 데이터가 삭제되는 등의 보안 기능이 있어 어려움이 따른다	불가능한 것은 아니다	앞서 국내 수사기관은 지난해 3월 청와대 선거개입 의혹으로 검찰 수사를 받다가 극단적 선택을 한 청와대 민정비사관실 소속 백모 수사관의 아이폰 잠금장치 암호를 해독해냈다	이스라엘에 본사를 둔 암호해독기업 셀레브라이트사의 제품을 이용한 것으로 알려졌다	디지털포렌식 발표 후 약 4개월이 지난 시점이다	지난해 12월 숨진 백모 수사관의 경우 최신 업데이트를 했다면 iOS 13 버전을 사용한 것으로 추정된다	경우 국내 수사기관은 iOS 13 버전의 암호를 해독해내는 데 성공한 사례가 있는 셈이다	보안업계 관계자는 보안은 뚫고 막는 일의 반복이다	아이폰 역시 예외일 수는 없다 며 과거 미국 연방수사국가 아이폰의 잠금장치 해제를 못 했다는 일화가 전해지면서 아이폰은 못 뚫는다 는 인식이 생겼지만 최근 포렌식 기술 굉장히 발전했다	못 뚫는다 기 보다는 뚫는 데 시간이 걸린다 내지는 뚫기 어렵다 정도로 생각하면 될 고 말했다	한편 애플은 지난 6월 23일 iOS 14 개발자 베타를 출시했다	퍼블릭 베타는 7월 10일경 배포됐다	베타 버전을 자동 업데이트되는 방식이 아닌 데다 박 시장의 사망 추정일이 7월9일인 만큼 iOS 14를 사용했을 가능성은 적다
44,"박원순 시장이 사용하던 아이폰, 디지털 포렌식 가능한가?--1",저작권자 무단전재
45,‘신상공개’로 도마 오른 디지털교도소··· “사라지기엔 아깝다” 운영 재개 선언--0,성범죄자의 신상정보를 공개하는 사이트 디지털교도소 도마 위에 올랐다	범죄가 입증되지 않은 상태서 신상정보를 공개하면서 무고한 이들이 피해를 입은 바 있고 신상이 공개된 이중 극단적 선택을 하기도 해 사회적 비판이 거세다	디지털교도소는 대한민국의 악성범죄자에 대한 관대한 처벌에 한계를 느끼고 이들의 신상정보를 직접 공개해 사회적인 심판을 받게 하려 한다 며 모든 범죄자들의 신상공개 기간은 30년이며 근황은 수시로 업데이트한다 고 사이트를 소개했다	디지털교도소는 동유럽권에 위치한 서버에서 강력히 암호화돼 운영되고 며 대한민국의 사이버 명예훼손 모욕죄의 영향을 전혀 받지 않는다 고 전했다	이에 대해 경찰은 디지털교도소를 범죄조직 규정 해외공조를 통해 운영진에 대한 수사를 진행 중이다	개인이 신상정보를 공개하는 것은 불법이기 때문이다	경찰은 일부 운영진의 신원을 특정한 상태다	수사가 진행됨에 운영이 중단됐던 디지털교도소는 지난 11일 2대 운영자 임을 자처한 이가 공지사항을 업로드하며 운영재개 입장을 밝혔다	그는 여론으로부터 사적 제재 논란으로 많은 비판에 직면해 있고 사이트 폐쇄를 요구하는 목소리도 많다는 것을 잘 알고 며 디지털교도소는 이대로 사라지기엔 너무나 아까운 웹사이트 라고 말했다	허위정보를 공개했다는 비판을 의식한 듯 디지털교도소는 앞으로 법원판결 언론 보도자료 누가 보기에도 확실한 증거들이 존재하는 경우에만 신상공개를 할 것을 약속드린다 며 증거부족 논란이 있었던 1기와는 다르게 완벽한 증거와 누구도 반박할 수 없는 자료로 성범죄자 신상공개를 진행하겠다 고도 부연했다	디지털교도소의 행위는 개인정보보호법 등을 위반한 불법적 행위라는 것이 법조계의 시각이다	법조계에서는 성범죄자가 약한 처벌을 받는 것은 사법부의 처벌 수위를 높여야 하는 이라며 개인이 임의로 이를 판단해 제재를 가하는 것은 법치주의 국가에선 있을 수 없다 는 입장이다	한상혁 방송통신위원장도 지난 9일 열린 과학기술정보방송통신위원회에 참석해 디지털교도소 문제는 문명사회에서 있을 수 없는 일이다	사적 처벌은 있을 수 없다 고 입장을 피력했다	방송통신심의위원회는 14일 디지털교도소 사이트를 긴급 심의 안건으로 상정했다	통신심의소위원회를 개최해 논의할 예정이다	지난 7월 사이트 운영이 중단됐다는 이유로 결정을 보류했었으나 사이트 운영이 재개됨에 다시 심의에 착수했다	한편 일각에서는 이와 같은 불법 행위를 방송통신심의위원회가 자초했다는 비판도 제기된다	방심위는 이혼 뒤 자녀의 양육비를 주지 않는 부모의 개인정보를 폭로하는 배드 파더스 대해 공익성을 인정해 사이트를 차단하지 않기로 결정한 바	공익성이 보장된다면 불법적 행위를 하는 사이트의 운영도 괜찮다 는 시그널을 줬다 는 지적이다
46,‘신상공개’로 도마 오른 디지털교도소··· “사라지기엔 아깝다” 운영 재개 선언--1,저작권자 무단전재
47,"LG화학, SK이노베이션 배터리 소송 2연승…승패 원인은?--0",LG화학과 SK이노베이션 배터리 소송 승부의 추가 기울고	LG화학이 미국 국제무역위원회 예비판결에 이어 한국 소송 1심에서 승소했다	양사 희비는 전략에서 갈렸다는 평가다	LG화학은 법적 싸움에 무게를 뒀다	SK이노베이션은 여론에 기댔다	경험의 차이도 만만치 않았다	SK이노베이션은 내부 단속이 빌미가 돼 미국 소송이 불리해졌다	LG화학은 합의의 문을 열어뒀다	SK이노베이션은 명분을 찾는 중이다	27일 서울중앙지방법원 민사합의63 3부는 SK이노베이션이 LG화학에게 제기한 미국 ITC 특허침해 관련 소송 취하 손해배상 소송 1심에서 원고 패소 판결했다	LG화학은 SK이노베이션의 제소가 정당한 권리행사가 아닌 지난해 LG화학으로부터 제소당한 미국 영업비밀침해소송과 특허침해소송에 대한 국면전환을 노리고 무리하게 이뤄진 억지 주장이었음이 명백히 확인됐다 라며 당시 협상과정에 SK이노베이션 주장이 허위이거나 왜곡됐다는 점이 분명히 밝혀졌다 라고 평가했다	SK이노베이션은 쟁송의 대상이 된 지난 2014년 맺은 양사간 부제소합의는 세라믹코팅분리막 특허에 대해 국내외에서 10년간 쟁송을 하지 않겠다는 합의였다 라며 SK이노베이션 입장에서는 국내에 한정해 부제소하는 합의 그것도 소송을 먼저 제기한 LG측의 패소 직전 요청에 의한 합의에 응할 이유가 없었으며 이는 양사 합의의 목적도 아니었다 라고 기존 주장을 되풀이했다	항소키로 했다	양사 갈등은 LG화학 직원의 SK이노베이션 대량 이직으로 불거졌다	LG화학은 SK이노베이션이 배터리 영업비밀과 기술을 빼가려고 직원을 채갔다고 여겼다	SK이노베이션은 직업선택의 자유라고 맞섰다	소송은 LG화학이 시작했다	LG화학은 2019년 4월 미국 국제무역위원회와 델라웨어주 지방법원에 SK이노베이션을 영업비밀침해금지 손해배상청구 소송을 제기했다	작년 5월에는 SK이노베이션과 인사담당 직원 등을 산업기술 유출방지 보호에 법률 위반 등의 혐의로 서울지방경찰청에 수사를 의뢰했다	SK이노베이션은 국익 프레임 대응했다
48,"LG화학, SK이노베이션 배터리 소송 2연승…승패 원인은?--1",국내 기업이 해외에서 소송전을 펼치는 것은 국익에 해를 끼친다 는 논리를 폈다	소송보다 선의의 경쟁으로 산업 생태계를 키워 시장 확대에 대응하는 것이 바람직하다 라고 지적했다	2011년부터 2014년까지 진행했던 소송 승기를 잡았지만 합의를 해줬다며 적반하장이라고 분개했다	SK이노베이션은 작년 6월 국내 법원에 명예훼손 손해배상 소송을 냈다	8월에는 ITC와 델라웨어주 지방법원에 LG화학과 LG전자를 특허침해혐의로 제소했다	국민경제와 산업 생태계를 위해 소송을 원치 않았다는 입장은 유지했다	LG화학은 지난해 9월 ITC와 델라웨어 지방법원에 SK이노베이션을 특허침해혐의로 고소했다	4월 영업비밀침해와 별개다	SK이노베이션이 특허침해소송을 내 맞대응 했다고 설명했다	SK이노베이션은 10월 국내 소송으로 맞대응에 맞대응했다	이번에 패소한 국내 소송이 10월 소송이다	SK이노베이션은 소송을 내며 LG 권영수 부회장을 소환했다	LG화학이 작년 9월 침해를 주장한 특허가 2014년 양사 합의로 문제 삼지 않기로 한 특허 라고 비판했다	당시 합의문에 사인을 한 LG 권영수 부회장 책임론을 제기했다	합의문 원본을 언론에 공개했다	LG화학은 법적으로 다툴 사안을 여론전으로 몰고간다 고 반박했다	SK이노베이션의 전략은 법원보다 법원 밖을 겨냥했다는 평가가 우세했다	실제 정부가 두 회사 대화 해결을 촉구하는 성과를 내기도 했다	결과까지 여론이 내주지는 않는다	기업간 소송은 여론의 향배와 다르다
49,"LG화학, SK이노베이션 배터리 소송 2연승…승패 원인은?--2",특히 특허소송은 그렇다	SK이노베이션의 실기는 미국에서 두드러졌다	ITC는 지난 2월 LG화학이 작년 4월 제기한 SK이노베이션 영업비밀침해 소송에 대해 SK이노베이션 조기패소 예비결정을 내렸다	SK이노베이션 조사 방해를 이유로 꼽았다	ITC 조사는 양사가 서로에게 서로의 주장을 입증하기 위한 자료를 요청하는 방식으로 이뤄진다	SK이노베이션은 LG화학에 자료를 제대로 주지 않았다	소송 경험이 부족한 업체가 주로 하는 실수다	ITC는 증거보존의무가 있는 상황에서도 SK이노베이션은 LG화학과 관련한 문서 상당량을 고의적으로 삭제하거나 삭제 대상으로 삼았다 라며 SK이노베이션이 문서를 삭제해 완전한 사실관계 자료 확보 자체를 방해했다 고 강조했다	결론은 현재 재검토 단계다	통상적 절차다	ITC는 예비결정 재검토 요청을 받아들이지 않은 적이 없다	뒤집힌 사례도 없다	최종 판결은 10월5일 예정이다	ITC 최종판결은 60일 이내 미국 대통령 재가로 확정된다	이대로 굳어지면 SK이노베이션 배터리 등은 미국 수입이 금지된다	올해 들어서 SK이노베이션은 소송 관련 말을 아끼고	1분기와 2분기 실적발표 컨퍼런스콜에서도 좋은 결과가 나오도록 노력하겠다 라고 언급하는데 그쳤다	LG화학은 여유가 생겼다	협상 테이블로 나오라고 압박했다	대신 객관적 근거를 토대로 주주와 투자자가 납득할 수 있는 합리적인 수준 요구했다
50,"LG화학, SK이노베이션 배터리 소송 2연승…승패 원인은?--3",지난 7월에는 검찰에 SK이노베이션을 고소했다	압박 강도를 올렸다	특허소송은 윤곽이 드러나면 협상으로 마무리한다	삼성전자와 애플도 애플과 퀄컴도 그랬다	통상 비공개지만 우위에 있던 업체에 유리한 조건이다	업계는 SK이노베이션의 선택지가 많지 않다고 입을 모았다	끝까지 가기에는 위험부담이 크다	협상에 나서기엔 지금까지 소송 전략을 주도한 경영진 책임론을 피하기 어렵다	SK이노베이션은 이날 입장문을 통해 퇴로를 찾고 있음을 드러냈다	올해 들어 처음 공식적으로 밝힌 협력 의사다	단서를 달았지만 SK이노베이션은 배터리 산업 양사의 발전을 위해 협력해 나갈 것을 희망한다 고 했다	저작권자 무단전재
51,"LG화학, 인도공장 가스 누출 수습 ‘총력’…인도, “공장 폐쇄 검토”--0",LG화학 인도공장 가스 누출 피해를 줄이기 위해 인도 정부가 총력을 기울이고	LG화학도 사태 수습을 위해 협조하고	상황은 수습되는 분위기지만 공장을 계속 운영할 수 있을지는 불투명하다	8일 LG화학 등에 따르면 지난 7일 오전 3시30분 인도 안드라프라데시주 비사카파트남시 LG폴리머인디아에서 가스 유출 사고가 발생했다	지금까지 사망자는 11명이다	20여명이 위중한 상태여서 추가 사망자가 나올 가능성이 높다	1000여명이 병원에서 치료를 받았다	공장은 스티렌모노머를 원료로 폴리스타이렌을 제조하는 곳	PS는 컵라면 음료용기 가전제품 외장 포장 보호재 건축 단열제로 쓴다	누출된 가스는 원료인 SM에서 발생한 유증기다	사고가 난 SM 탱크 용량은 3000톤	새어나간 유증기의 양은 아직 파악하지 못했다	공장은 인도 정부의 코로나19 방역 정책으로 가동을 중단한 상태였다	인도 국립재난대응기구는 사고를 화학 재해 규정했다	나렌드라 모디 인도 총리가 NDRF 긴급회의를 주재했다	공장 반경 5킬로미터 주민을 소개했다	2000여명이 대상인 것으로 전해졌다	주재난대응기구도 나섰다	NDRF와 SDRF 70여명이 모니터링 중이다	500킬로그램의 억제제를 공수 중화작업도 진행하고
52,"LG화학, 인도공장 가스 누출 수습 ‘총력’…인도, “공장 폐쇄 검토”--1",인도 해군 등도 피해 복구에 투입했다	인도 국가녹색재판소와 경찰 등이 조사를 시작했다	안토니오 구테헤스 유엔 사무총장도 신속 대응과 투명한 조사를 요청했다	주 정부는 사망자 1인당 1000만루피의 보상을 제시했다	병원 치료는 무상으로 제공키로 했다	인도 정부 차원의 조사위원회 구성도 논의 중이다	여론은 LG화학에 불리하다	공장 폐쇄 얘기까지 나왔다	LG폴리머스인디아는 LG화학이 1997년 힌두스탄폴리머스를 인수해 만든 회사다	작년 매출액과 당기순이익은 2226억3100만원과 63억1200만원이다	인도는 지난 1984년 보팔에서 미국 유니언카바이드 공장 가스 누출로 3700여명이 사망한 사고를 겪은 바	LG화학은 현재 현지 마을 주민의 피해 현황을 파악하고 주민들과 임직원의 보호를 위해 최대한 필요한 조치를 관계 기관과 취하고 라며 공장의 가스 누출은 현재 통제된 상태이며 누출된 가스는 흡입으로 인해 구토 어지럼증 증세를 유발할 수 있어 관련 치료가 신속하게 될 수 있도록 모든 조치를 강구하고 라고 설명했다	자세한 피해 현황과 사망 원인 사건 경위를 조사 중이며 추후 정확한 내용이 확보되는 발표하겠다 라고 약속했다	2차 누출이 된 것은 아니며 탱크 내 온도 상승 우려로 만약의 사태에 대비해 경찰에 주민 대피를 요청한 내용 이라며 현재 탱크 내 용수 투입 필요한 조치를 진행하고 라고 해명했다	저작권자 무단전재
53,"“불법촬영물 소지해도 벌금” 송희경 의원, ‘N번방 방지법’ 대표발의 예정--0",텔레그램 N번방 대한 국민 분노가 폭발하고	텔레그램 N번방 용의자 신상공개 관련 국민청원 동의 수는 200만명을 넘어서면서 역대 최다 기록을 세웠다	N번방은 텔레그램 비밀 대화방에서 미성년자 여성을 대상으로 성착취 영상을 만들어 비밀회원들로부터 수십만원에서 수백만원을 받아 유포한 사건이다	현재까지 피해여성은 74명이며 이중 아동과 청소년 미성년자는 16명에 이른다	60여개 n번방들에서 유포와 시청에 가담한 인원은 중복 추산해 26만명에 달한다	이에 송희경 의원은 불법촬영물 제작 유포를 통해 금전을 취득하는 범죄 수법이 악랄하고 중대한 디지털 성범죄자에 대해선 정부가 신상공개 제도를 적극적으로 검토해 엄벌 처벌 의지를 보여줘야 한다 고 강조했다	현행법에 따르면 통신매체 카메라 등을 이용한 불법촬영물 제작 유포자는 성범죄자에 해당돼 신상공개가 가능하다	음란물로 신상이 공개된 성범죄자는 전무하다	디지털 성범죄에 대한 정부의 미온적 대처와 사법당국의 솜방망이 처벌을 반복해서는 안 된다는 지적이다	송 의원은 성폭력범죄의 처벌 등에 특례법 일부개정법률안 가칭 N번방 방지법을 대표발의할 예정이다	주요 내용은 불법촬영물 제작자 유포자 처벌 강화 불법촬영물 구매 소지자에 대한 벌금 신설을 골자로 한다	불법촬영물 유통 거래를 방조하거나 삭제 조치에 소극적인 플랫폼 사업자에 대한 징벌적 손해배상제도를 도입하기로 했다	아동청소년대상 음란물 범죄에 대한 처벌도 강화한다	아동 청소년의 성보호에 법률 개정해 아동청소년대상 음란물에 대한 제작자 유포자 소지자에 대한 형량을 높인다	송 의원은 디지털 성범죄의 확산성과 파급력을 고려할 가해자에 대한 강력한 처벌 뿐 아니라 텔레그램 해외서버 수사를 위한 경찰 국제 공조수사 수사기관 내 디지털성범죄전담부서 신설 디지털 성범죄자 강한 처벌을 위한 양형기준 재조정 등에 대한 후속 대책 마련도 시급하다 고 말했다	저작권자 무단전재
54,과기정통부 내년 예산 17조5154억원…‘디지털뉴딜’ 속도--0,과학기술정보통신부 2021년도 예산이 총 17조5154억원으로 확정됐다	한국판뉴딜 선봉으로 국가와 산업의 디지털전환에 속도를 내고 일자리 창출과 한국 정보통신기술 미래를 대비한다	과학기술정보통신부는 총 17조5154억원 규모의 2021년도 예산 기금운용계획 2일 국회 본회의 의결로 최종 확정됐다고 밝혔다	내년 예산은 올해보다 1조2086억원 증액됐다	한국판뉴딜 기초 원천 연구개발 3대 신산업 육성 포용사회 실현 감염병 대응을 위해 예산을 집중 투입한다	정부 R D 예산은 27조4018억원이다	정부안보다 2015억원 늘었고 올해보다 3조1823억원 증가했다	예산의 핵심은 디지털뉴딜이다	정부가 속도를 내고 있는 한국판뉴딜 예산은 올해보다 1조1030억원 증액된 1조9366억원이 책정됐다	디지털 녹색경제로의 전환을 선도하고 이에 따른 미래 고용시장 변화에 대응하기 위해 교육과 인프라를 확충할 계획이다	한축인 디지털뉴딜의 경우 8824억원 더해진 1조5315억원 예산이 반영된다	국가와 산업의 디지털전환과 일자리 창출을 위해 쓰이게 된다	디지털뉴딜 특색사업으로는 인공지능 학습용 데이터 구축 2925억원 빅데이터 플랫폼과 네트워크 구축 722억원 해킹 바이러스 대응체계 고도화 528억원 5G 융합서비스 발굴 공공선도 적용사업 400억원 클라우드 플래그십 프로젝트 250억원 실감콘텐츠 핵심기술 개발 165억원 등으로 구성됐다	인공지능 정밀의료 솔루션 닥터앤서2 0과 1인미디어 콤플렉스 조성 등을 신규사업으로 추진한다	그린뉴딜 일환으로는 올해 대비 282억원 증가한 610억원 예산이 반영됐다	탄소자원화 에너지효율 향상 미세먼지 저감 수소 기술개발에 앞장선다	대규모 탄소포집 저장 상용화 기반 구축 미래수소 원천기술개발이 신규사업으로 등장했다	기초원천 R D 분야는 5조9938억원이 편성돼 올해보다 4320억원이 증가했다	연구자 주도 기초연구를 지원하고 소재 부품 장비 국산화와 우주 원자력 기술개발 기술사업화 등을 추진한다	바이오헬스 AI반도체 미래차 3대 신산업 육성에도 힘을 쏟는다
55,과기정통부 내년 예산 17조5154억원…‘디지털뉴딜’ 속도--1,올해보다 1903억원 증가한 7104억원을 투자한다	포용사회 실현을 위해 디지털격차 해소 창의적 인재양성을 목표로 1조5179억원을 투입한다	올해보다 2776억원 늘었다	감염병 대응 재난안전 예산도 확대했다	재난 대응에는 올해 대비 492억원 증가한 1394억원을 지원한다	우정서비스 예산은 예금지급이자 현실화로 올해보다 3498억원 감소한 3조5981억원이다	이와 정부 R D 예산은 코로나19 치료제 백신 개발과 방역현장 기술지원에 방점이 찍혔다	코로나19 극복 치료제 백신 임상지원과 현장수요 맞춤형 방역 물품 기술개발에 1310억원 89억원이 배정됐다	한국판뉴딜 관련 R D 투자도 강화했다	6G 이동통신 핵심기술 개발에 172억원 비대면 비즈니스 디지털 혁신 기술개발에 206억원이 투입된다	수생태계 건강성 확보 기술개발 사업에 116억원이 반영된다	2050 탄소중립을 뒷받침하기 위한 R D 투자도 계속한다	수소경제 활성화 온실가스 고정 에너지 고효율화 등을 꾀한다	공급 수요 관리기술과 산업 혁신기반 구축에 320억원 110억원이 반영됐다	3대 신산업 분야엔 범부처 전주기 의료기기 연구개발 사업 1903억원 자율주행 기술개발 혁신사업 884억원 차세대 지능형반도체 기술개발 1223억원이 분배됐다	소재 부품 장비 부문에서는 코로나19로 인한 글로벌 공급망 재편에 대응해 기술자립화부터 사업화 연계까지 전주기 연구개발이 지원된다	소재부품 기술개발 사업 8866억원 중소기업 기술혁신개발 1047억원이다	과기정통부는 이날 국회에서 내년 예산이 확정됨에 R D 사업 종합시행계획 사업계획을 마련해 발표할 계획이다	최기영 과기정통부 장관은 국회에서 내년도 예산이 확정된 만큼 기초가 튼튼한 과학기술 강국 실현과 산업과 사회 디지털 대전환을 위한 사업시행에 만전을 기할 이라며 포스트 코로나 시대를 선도할 혁신경제 기반이 구축되도록 산 학 연 유관기관과 소통 노력도 보다 강화하겠다 고 말했다	저작권자 무단전재
56,"코로나에 태풍, 재난 강도 세지는데…방통위, 재난방송 지원예산 감축--0",방송통신위원회는 내년 예산으로 2439억원을 편성해 국회에 제출한다고 1일 밝혔다	개인정보보호위원회 출범으로 방통위 예산으로 편성되어 온 개인정보보호 관련 예산은 2021년부터 개보위가 편성한다	아리랑TV 인건비의 경우 문화체육관광부가 편성함에 이를 제외한 방통위 예산은 전년대비 43억원 증액됐다	방통위는 방송콘텐츠 경쟁력 강화에 재원을 집중 투자한다	EBS가 실감형 콘텐츠를 제작해 이를 학교 교육에 활용할 수 있도록 신규 지원하고 코로나 장기화에 따른 교육 콘텐츠 보강을 위해 유아 어린이 부모 장애인 교육에 총 14 2억원을 증액 편성했다	이와 재정 여건이 지속 악화되고 있는 지역 중소방송과 공동체라디오 KBS 대외방송에 대한 제작 지원비도 전년과 동일한 규모로 편성했다	아리랑TV와 국악방송에 대한 제작비 지원 규모는 전년 대비 약 5 가량 감액됐다	방통위는 올해 초 사회적 큰 문제로 대두된 이른바 n번방 사태 방지하기 위한 다양한 대책도 내년 예산에 포함시켰다	불법 음란물 유통방지를 위해 웹하드 사업자에 대한 자동 모니터링 시스템을 구축하고 전기통신사업법 개정으로 인터넷 사업자에 부과된 불법 촬영물 차단 기술적 조치 의무에 대한 평가체계 마련 등에 총 16 4억원을 증액편성했다	반면 불법스팸대응체계 구축 사업은 전년보다 3 3억원 줄어든 33 4억원에 머물렀다	방송통신심의위원회에 디지털성범죄 상시 모니터링 체계를 구축하는 한편 방통위	방심위	경찰청	여가부 간 성범죄물 DB 공조시스템을 구축하는 사업도 14억원이 늘어난 360억원을 편성했다	포스트 코로나 대응을 위해서는 299억원의 예산을 마련했지만 올해에 비해서는 감소한 것으로 나타났다	재난방송 주관사인 KBS의 역량 강화를 위해 재난 관련 프로그램 제작 통합 재난정보 시스템 리모델링 재난방송 운영지원에 25 2억원을 편성했다	올해에 비해 9 5 감소한 규모다	시청자미디어재단 지원 예산도 8 2 감소한 182억원에 머물렀으며 방송통신이용자보호환경 조성 예산도 6 8 줄어든 29 1억원으로 집계됐다	방통위의 2021년도 예산안은 국회의 심의 의결을 거쳐 최종 확정될 예정이다	방통위는 정부안이 원만하게 편성될 수 있도록 국회 심의과정에 최대한 협력하는 한편 정부안에서 충분히 반영되지 못한 사업 예산은 국회 심의 시 필요성 등을 충실히 설명해 증액될 수 있도록 노력할 계획 이라고 밝혔다
57,"코로나에 태풍, 재난 강도 세지는데…방통위, 재난방송 지원예산 감축--1",저작권자 무단전재
58,[국감2020] 국민 지갑 노리는 악성 앱 성행하는데··· 부처간 협력 미흡--0,피싱 범죄가 정보통신기술 기술을 악용하며 진화하고	국회 과학기술정보방송통신위원회 소속 조명희 의원이 한국인터넷진흥원으로부터 제출받은 자료에 따르면 올해 8월까지 탐지된 스미싱 문자가 70만건을 돌파했다	이는 2019년 36만건의 2배에 가까운 수치다	2016년 이후 확인된 스미싱 문자와 스미싱 악성 애플리케이션은 2016년 문자 31만1911건 앱 770개 2017년 문자 50만2027건 앱 1825개 2018년 문자 24만2840건 앱 3277개 2018년 8월까지 문자 70만783건 앱 1689건 등이다	특히 올해 큰 폭으로 증가했다	이와 KISA가 악성 앱에 감염된 단말기에서 탈취한 정보를 사용자 몰래 전달하기 위한 저장소 정보유출지 차단한 현황도 매년 증가했다	2016년 715건이었던 악성 앱 정보유출지는 지난해 2564건으로 크게 늘었다	올해 8월까지는 1251곳이 차단됐다	기존 위협이 확산되는 가운데 지난해부터 새로운 범죄 유형인 전화 가로채기 피싱범죄가 기승을 부리고	보이스피싱 조직이 앱으로 심은 악성코드를 통해 피해자의 전화 상태를 모니터링하다가 피해자가 금융사 대표번호 112 등으로 전화를 걸 경우 이를 가로채 피싱조직에게 연결하는 방식이다	조 의원은 전화 가로채기 기능이 포함된 스미싱 문자 사칭 앱은 연간 450여건가량 발견되고 며 KISA는 2016년 10월부터 이와 같은 위협을 인지했지만 정보를 금융위원회 유관기관과 공유하지 않아 경보에 제때 활용하지 못했다	올해 7월 전기통신금융사기 방지대책 추진실태 감사로 지적을 받고 나서야 금융위와 KISA가 정보를 공유하기 시작했다 고 지적했다	그는 전화 가로채기는 피해자를 안심시키면서 사기 행각을 벌이기 건당 피해 규모도 크다	제때 정보공유만 됐다면 여러 피해를 막을 수 있었을 이라며 스미싱 범죄 근절을 위해 금융당국과 경찰청 금융회사 이동통신사 범부처와 유관기업이 정보를 실시간으로 공유하고 협조하는 시스템이 마련돼야 한다 고 강조했다	저작권자 무단전재
59,"PASS 모바일운전면허증, 정부혁신 우수사례 선정--0",통신3사는 행정안전부가 주최한 2020 정부혁신 우수사례 경진대회 PASS 모바일운전면허 확인서비스 대통령상을 수상했다고 19일 밝혔다	경진대회는 정부혁신 우수사례를 발굴해 행정기관의 성과를 높이기 위해 마련됐다	지난 17일 참여 사회적가치 공공서비스 협업 행정혁신 총 4개 부문 16개 사례를 시상했다	그중 패스 모바일운전면허 확인서비스 는 협업 부문 사례로 민간과 행정기관이 힘을 모아 국내 최초 디지털 공인 신분증을 상용화한 점이 높이 평가됐다	서비스는 통신3사의 패스 인증 앱을 이용해 온오프라인에서 자신의 운전 자격 신분을 증명하는 서비스다	통신3사와 경찰청 도로교통공단은 지난해 9월 과학기술정보통신부의 ICT 규제샌드박스를 통해 도로교통법상 법적인 근거를 마련했다	도로교통공단과의 연계를 통해 운전면허증이 가지고 있는 정보와 운전면허자격상태를 실시간으로 검증할 수 있도록 했다	통신사들은 개인정보 보호 위변조 방지 기술을 통해 개인정보 오용 우려를 낮췄다	스마트폰 유심칩 기반 명의 인증과 기기 점유 인증 기술 블록체인을 활용한 면허증 위변조 방지 기술 등록된 운전면허증의 모든 정보를 스마트폰 안전영역에 암호화해 보관하는 기술 등을 적용해 서비스 보안성을 강화했다	운전면허 정보 진위 검증 작업이 이뤄지는 경찰청과 도로교통공단 운전면허시스템 서버 사이에 전용선을 구축하고 통신망의 전구간을 암호화해 외부 공격에 대비했다	패스 모바일운전면허 확인서비스 는 지난 6월 서비스 출시 이후 전국 2만5000여 편의점에서 미성년자 확인을 위한 신분증으로 활용되고	전국 27개 운전면허시험장에선 운전면허증 갱신이나 재발급 영문 운전면허증 발급 업무에 쓰이고	서비스 4개월만에 150만명의 가입자를 확보한 패스 모바일운전면허 확인서비스 는 연내 가입자 200만명을 돌파할 것으로 예상된다	통신3사와 경찰청은 패스 모바일운전면허 교통경찰 검문 일선 경찰행정에 적용하는 방안을 적극 검토 중이다	신원확인과 운전자격 확인이 필요한 기관 기업과의 협업도 지속 추진할 계획이다	저작권자 무단전재
60,"[국감2020] 넘처나는 불법 음란 동영상…방심위, 스토리지 5.5배 늘린다--0",방송통신심의위원회가 불법 유통 촬영물 원본 저장을 위한 스토리지 증설에 나선다	국회 과학기술정보방송통신위원회 정필모 의원이 방송통신심의위원회로부터 받은 자료에 따르면 방심위는 올해 1분기까지 보유하고 있는 불법 음란 영상물은 50TB인 것으로 나타났다	방심위는 N번방 성착취물 늘어나는 성범죄 동영상을 보관하기 위해 내년에 스토리지 288TB를 증설해 총 352TB를 확보할 계획을 세우고	이는 불법으로 유통되고 있는 촬영물을 수집해 이를 데이터베이스로 활용하도록 하는 공공 DNA DB 따른 것이다	방심위가 현재 보관하고 있는 불법 음란 영상물은 총 2만1893건에 달한다	방심위는 지난 2019년부터 DNA 필터링 통합 시스템 운영하고	방심위 자료에 따르면 시스템 운영 이후 누적된 영상은 폭발적으로 증가했다	2019년 1분기 6TB였던 스토리지는 같은 해 2분기 12TB 2019년 3분기 20TB 2019년 4분기 32TB로 증가했고 올해 1분기에만 50TB에 이르렀다	1년만에 8 3배가 늘어난 것이다	방심위는 정필모 의원실 보고자료를 통해 계속적으로 보관해야 할 디지털 성범죄 동영상이 늘고 있어 저장용량 증설이 불가피함을 강조했다	방심위에 따르면 한국정보통신진흥협회에서 4 8TB의 유해동영상이 넘어오고 있고 경찰청 공조시스템을 통해서도 약 100TB의 유해동영상이 전송 예정이라고 밝혔다	방심위의 저장공간 확보로 경찰청 여성가족부 방통위 등과의 디지털 성범죄 동영상 통합 관리와 대응이 보다 유기적으로 이뤄질 것으로 예상된다	정필모 의원은 디지털 성범죄 동영상 고유의 DNA를 추출해 DB로 구축한다면 신속한 불법 영상물 유통을 근절할 수 있을 이라며 방심위가 웹하드 등에 대한 실질적인 필터링 실효성을 높일 수 있도록 노력해야 한다 고 지적했다	저작권자 무단전재
61,"[21대 총선] ""통신비 인하"" 줄고 ""미래 IT"" 청사진 경쟁…각 당 IT공약 살펴보니--0",제21대 국회의원 선거일이 닷새 앞으로 다가온 가운데 10일부터 사전투표가 실시되고	총선 결과에 IT산업과 정책 지형도 바뀌게 된다	중에는 미래 먹거리를 담당하는 정보통신기술도 포함된다	이에 여야 혁신과 경쟁력 강화를 외치며 ICT 공약을 내놓았다	총선에서는 단골 공약으로 꼽히는 통신비 인하 통신 관련 요구사항은 줄었다	대신 4차 산업혁명 인공지능 소프트웨어 신산업 육성 방안이 주요 비중을 차지했다	코로나19로 인해 한국뿐 아니라 글로벌 경기침체가 가시화되는 상황인 만큼 새로운 성장동력에 주목한 것이다	여야에서 내세운 ICT 공약과 관련한 실효성 지적은 계속되고	예산 확보 논거가 부족하거나 이전 국회에서 이미 제기된 재탕 공약이 남발되고 있다는 설명이다	선거 결과에 향후 4년이 결정된다	현재 깜깜이 선거에 돌입한 만큼 국가 간 산업 경쟁력과 직결되는 ICT 공약을 정당별로 정리했다	더불어민주당은 AI 퍼스트 무버 SW 강국을 주창하는 한편 공공와이파이 확대를 약속했다	AI 기술에 대한 집중적 정책 전략 수립 추진을 위한 전담기구가 세워진다	행정적 재정적 지원까지 총괄하는 역할을 한다	AI 컨트롤 타워를 기대할 수	AI 전략 시행 연구개발 총괄 기술개발을 국가 차원에서 추진하고 국내 외 연구기관과의 협력체계를 맺는 주간 전문연구기관도 설립된다	AI SW 인재 확보에도 힘쓴다	대학 AI 학과와 정원을 확대하고 융합형 인재 양성을 목표로 AI X 융 복합전공 학과를 신설한다	국내 인재 유출을 최소화하고 해외 인재를 유치하려는 노력도 병행된다	관련 학과 학생들의 창업과 취업 활성화를 위해 산 관 학 연이 맞손을 잡는다
62,"[21대 총선] ""통신비 인하"" 줄고 ""미래 IT"" 청사진 경쟁…각 당 IT공약 살펴보니--1",SW 관련 대학연구소는 정부 정책자금을 먼저 지원받고 해외 우수 SW인력은 내국인과 동일한 창업 조세 금융 행정 등의 서비스를 받게 된다	AI 분야 고급인력의 경우 병역 대체복무 제도를 적용받을 수	SW AI 전문부대 창설도 내용에 담겼다	투자 환경도 조성해야 한다	이에 AI SW 투자자 세제지원 AI 스타트업 수익에 대한 세금 감면안이 제시됐다	불공정 독점계약 등을 방지해 SW 제값받기도 이뤄져야 한다	더불어민주당은 대기업 불공정 행위를 처벌하고 정부 공공기관 SW 사업발주 인건비를 개발자에 대한 충분한 대우로 인정할 수 있는 가이드라인을 설정하기로 했다	현재 평균 15 이하 수준인 유지보수요율을 글로벌 SW기업 수준으로 현실화하기로 공약했다	정부와 민간 가교 역할을 할 수 있도록 SW 전문직 공무원도 선발한다	이와 2022년까지 10인 중소제조업체에 스마트공장 3만개를 보급하고 드론택배 택시 등을 2023년부터 상용화한다	자율주행차량은 2021년까지 부분자율주행차 2024년까지 완전 자율주행차를 출시하도록 하고 스마트시티를 2025년까지 전국토로 확산한다	CCTV망을 연계한 국민안전 통합플랫폼을 매년 30개씩 지자체에 보급해 2025년까지 전국망을 구축한다	민간기업과 협력해 ICT 증강현실 가상현실 4차 산업혁명 기술 기반 교육을 할 수 있는 미래형 스마트학교를 조성한다	더불어민주당은 총선에서 통신 공약을 제외한 대신 공공 와이파이를 통한 전국 무료 인터넷 시대를 강조했다	2020년 총 1만7000여개소에 공공와이파이를 구축하고 2021년부터 2022년까지 총 3만6000여개로 늘린다	시내버스 학교 교통시설 공공장소 등을 대상으로 한다	6000억원 가까이 드는 세금 논란에 대해서는 생각해볼 문제다	국내 미디어기업 상호 간 국내 미디어기업과 해외 미디어기업 간 부당한 수익 배분 불공정 거래행위 규제를 강화한다	글로벌 콘텐츠 플랫폼사업자가 국내 사업자와 동일하게 합당한 정보통신망 이용대가를 부과할 수 있도록 하고 집행력 확보를 위한 국내 대리인 제도를 도입한다	미디어 콘텐츠 진흥을 위한 전담부서 법제 일원화도 추진된다
63,"[21대 총선] ""통신비 인하"" 줄고 ""미래 IT"" 청사진 경쟁…각 당 IT공약 살펴보니--2",미래통합당은 AI 빅데이터 드론 온라인동영상서비스 글로벌 히든 챔피언 기업 500개를 발굴하겠다고 밝혔다	현재 히든챔피언 기업 수는 독일 1300개 미국 344개 일본 220개 등이다	4차 산업 일자리 특별법으로 100만개 일자리도 창출한다는 계획이다	이를 위해 불필요한 규제를 과감히 걷어내고 현재 진행되는 규제 샌드박스 규제 프리존법을 넘어 사회 전 분야에 ICT를 도입해야 한다고 설명했다	통신 공약에서는 단말기호갱방지법 도입해 통신비 거품을 빼겠다고 선언했다	통신규제 전반을 원점에서 검토하고 소비자에게 이익이 돌아가는 요금경쟁으로 전환하기 위해 인가제를 폐지하기로 했다	제조사와 통신사 간 연결고리를 끊을 수 있는 단말기 완전자급제도 도입된다	특히 세수감소 논란으로 수차례 좌초된 바 있는 통신비 연말정산 소득공제 제도도 다시 등장했다	미디어 공약의 경우 방송사 지배구조 규제완화와 공영방송 정상화에 방점을 찍었다	글로벌 경쟁력을 강화하려면 국민이 주인이 되는 방송사로 변화해야 한다는 것이다	이에 1인 지분 제한을 현 40 49 대기업 소유지분 제한을 10 30 대기업 범위를 방송에 한해 10조원에서 20조원으로 상향하는 방안을 도입하자는 주장이다	소유경영 규제를 완화하면 충분한 투자확보로 양질 콘텐츠를 개발할 수 있다고 부연했다	공영방송 지배구조 개선과 방송통신심의위원회 폐지 뉴미디어위원회 신설도 공약에 포함됐다	야당에게 불리한 편파방송을 문제 삼았다	미래통합당은 사이버안보를 강조했다	국가사이버안전기본법을 제정하고 범부처 콘트롤타워 구축하자는 것이다	안부 과기부 국정원 범부처 차원 사이버보안 대책본부를 세우고 대통령에게 국가의 정보보호최고책임자 역할 부여하는 방안이 나온다	이뿐 아니라 국내 정보보안산업을 정책적으로 육성하고 차세대 보안산업 진흥체계를 마련해 양자암호 등을 5G 통신망 등에 적용할 수 있도록 제도적 지원책을 강구한다	삶에 밀접한 ICT 정책도 공유됐다	사물인터넷 빅데이터 인공지능 드론 ICT를 활용해 미세먼지를 측정하고 분석 감시체계 고도화 전략을 수립하는 전국 미세먼지 ICT 모니터링 체계 도입한다
64,"[21대 총선] ""통신비 인하"" 줄고 ""미래 IT"" 청사진 경쟁…각 당 IT공약 살펴보니--3",홀로어르신과 중증장애인에게는 응급상황을 즉각 알려주는 스마트밴드 보급하고 시청각 장애인을 위한 신체부착형 재난알림시스템 연구개발도 진행한다	스마트폰과 연동되는 점자 스마트워치 보급도 늘린다	민생당은 5G 강국을 완성하고 6G 시장을 선도하겠다는 의지를 드러냈다	실내 5G 음영 지역을 해소하기 위해 인빌딩 구축을 적극 지원하고 5G 투자세액 공제 일몰도 연장한다는 공약을 내세웠다	5G 기업 융합서비스를 장려하기 위한 규제혁신도 약속했다	5G를 넘어 6G 시대도 미리 준비한다	6G 기술개발을 위한 산 학 연 공동연구를 지원하고 6G R D 예비타당성 조사를 조기 통과하도록 한다는 방침이다	방송 미디어 산업 혁신과 공정한 미디어 환경도 강조했다	지역민방 편성규제 완화 지역 중소방송 지원 강화 등을 공약으로 한다	모든 네트워크상에서 공영방송콘텐츠 무료접근권을 보장하고 라디오 유료방송 디지털방송 보편 서비스를 확대한다	방송 콘텐츠 해외 진출 판로 확대를 적극 지원한다	공공성 측면에서는 자율은 확대하되 책임은 강화한다는 목표를 세웠다	편파방송을 배제한다는 의미로 국민참여심의제 도입하고 공영방송 수신료에 대해서는 수신료검증위원회를 구성해 투명화한다	공영방송 이사회 구성 사장 선임 방식을 비롯한 지배구조를 개선해 방송 독립성을 강화해야 한다는 입장이다	민생당은 12대 공약 가운데 ICT 방송 과학기술 분야를 12번째로 제시했다	AI 빅데이터 블록체인 IoT 4차 산업혁명 핵심분야에서 인력 10만명을 양성한다	지역별 대학 산업 특성에 맞춘 산학 매칭 형태의 R D 지원을 강화하는 한편 규제 샌드박스 임시허가 관련 법령을 신속처리안건으로 지정해 추진하는 방안도 제시했다	미세먼지 대응 일환으로 VR 체육관을 보급하기로 했다	학생들의 야외 체육활동이 줄어들고 있는 점에 착안 100명 재학 중인 전국 4000여개 초등학교에 VR 체육관을 구축하고 양궁 축구 농구 볼링 다양한 스포츠 콘텐츠를 배울 수 있도록 한다	정의당은 가계통신비 완화를 위한 5G 맞춤형 보편요금제 도입을 공약했다
65,"[21대 총선] ""통신비 인하"" 줄고 ""미래 IT"" 청사진 경쟁…각 당 IT공약 살펴보니--4",이동통신 서비스를 보편적 서비스 지정하는 보편요금제법을 추진하고 특히 2 3만원대 5G 보편요금제를 의무화하는 내용을 담았다	보편요금제 세부 내용은 이용자단체 학계와 정부로 구성된 통신비심의위원회를 구성해 2년에 한 번씩 결정한다	정부가 주도하는 주파수 경매대가도 개선해 요금 인하 혜택으로 연결되도록 한다	10기가급 공공 와이파이 구축도 계획하고	망 중립성 원칙 법제화도 내걸었다	정의당은 모든 사람이 차별받지 않고 인터넷 서비스에 접근해 콘텐츠를 이용할 수 있어야 한다는 전제 아래 이용자의 통신요금을 통신사나 콘텐츠제공사업자가 대신 부담하는 제로레이팅 관련 규제기준을 마련하겠다고 발표했다	스타트업과 중소 CP 부담을 완화하고 통신사와 CP 간 망 사용료 갈등을 해소하기 위해 상호접속고시 정산방식 개선을 추진한다	정의당은 미디어 개혁을 약속하면서 방송 공공성을 위해 시청자 참여를 강조했다	지상파 종편 시청자위원회 위원 선임은 오픈프라이머리 또는 방송사 노사 동수 추천으로 투명하게 치르도록 한다	유료방송 시청자위원회도 지역별 구성을 의무화해 채널편성과 이용약관 등에 있어 심의 권한을 부여한다는 구상이다	미디어 생태계 내 젠더 다양성을 확보하는 것도 과제로 삼았다	방통위와 방심위 위원은 공영방송사 이사 임명 시 특정성 비율이 10분의 6을 초과하지 않도록 하고 방통위에는 젠더 정책담당관을 도입해 정책을 결정할 성별 영향 평가를 하게끔 한다	방송 통신 비정규직의 노동인권을 보장하는 공약들도 약속했다	정의당은 초연결과 인공지능의 시대 혁신과 배려 정의로운 IT 표방하고	AI 핵심기관으로 인공지능청을 신설하고 에지 컴퓨팅 초저지연 기술 등을 전략 지원할 예정이다	그린뉴딜경제 일환으로 고속충전 인프라 구축 등을 통해 2030년까지 전기자동차 1000만 시대를 꿈꾼다	오픈소스 산업 육성 공인인증서 액티브X 철폐도 꼽았다	골목활성화 3법 일환으로 지역별 공공 배달앱 구축을 약속하는 한편 IT 게임 SW 분야 노동자를 위한 보호 대책을 마련하기로 했다	디지털 소외 대책 마련을 위해 대통령 직속으로 정보격차 문제를 조정하는 범부처 총괄대책기구를 구성하는 방안도 강구한다	국민의당은 현 정부 소득주도성장정책을 폐기하는 대신 혁신주도성장정책을 대안으로 제시한다
66,"[21대 총선] ""통신비 인하"" 줄고 ""미래 IT"" 청사진 경쟁…각 당 IT공약 살펴보니--5",타다금지법 폐기 규제혁신을 우선하는 것이 목표다	규제비용 총량제 네거티브 규제 시스템 등을 도입해 기업 주도 혁신성장 환경을 조성한다	AI를 비롯한 첨단 융복합 기술을 기반으로 신산업 육성 의지도 피력했다	지식정보화시대 신성장동력의 원천인 데이터경제 구현 한국형 벤처 밸리를 기반으로 한 블록체인 산업 육성 등이 골자다	4차 산업혁명 시대 효과적인 대응을 위해 사회부총리를 폐지하고 산업부총리를 신설하는 정부 개편 밑그림도 그렸다	블록체인형 전자정부를 구축해 2030년까지 공무원 20 감축하겠다는 계획도 내놓았다	민중당은 통신사 마케팅 비용을 통제해 이를 통신비 인하로 이어질 수 있도록 유도하자고 했다	통신 기본료 폐지 보편요금제 도입도 법제화하겠다는 계획이다	여기에 더해 노동당은 통신기간산업을 공영화해 무상통신을 실현하자고 했다	미래당은 데이터 주권을 위한 기본법을 제정하기로 했다	기업은 데이터를 활용할 수 있고 이용자는 기업 성장에 대해 충분한 보상을 받을 수 있도록 한다	반면 녹색당은 비식별 처리 정보라도 기업 간 개인정보 판매 공유를 금지해야 한다고 주장했다	플랫폼 내 개인정보를 활용한 마케팅 범위를 규제하고 개인정보 범위를 확대해 영리성 활용에 대한 규제를 강화하자는 의미다	저작권자 무단전재
67,"N번방 · 박사방 등 가상자산 이용한 범죄, 수사 어려운 이유는?--0",유사수신행위 금융범죄는 해킹 사이버범죄 디지털성범죄까지 가상자산이 범죄에 악용되는 사례가 늘고	이에 수사당국도 관련 인력을 충원하는 가상자산 범죄 수사에 힘을 쏟고 있지만 가상자산 특유의 특징으로 인해 수사 과정에서 어려움이 드러나고	최종상 경찰청 사이버수사과장은 6일 이용빈 더불어민주당 의원과 대한블록체인조정협회 주최로 열린 금융거래	가상자산의 방향 세미나에서 가상자산 범죄 수사에 대해 발표했다	이날 최 과장은 수사 과정 상 문제점으로 세탁된 가상자산 추적의 한계 해외 가상자산 거래소의 협조 문제 부정확한 고객정보의 문제 등을 지적했다	범죄에 가상자산을 이용하는 이유는 익명성을 위한 것으로 다양한 자금세탁 방법으로 익명성을 강화할 경우 범죄자 추적이 어렵다	비트코인 모네로 가상자산을 디지털성범죄에 악용한 N번방 박사방 사건에서도 추적을 어렵게 하기 위해 믹싱 자금세탁 방법이 이용됐다	믹싱이란 가상자산을 전송할 여러 개의 지갑으로 흩뿌린 뒤 다시 모아 전송하는 방식이다	최 과장은 믹싱 서비스를 이용한다든지 장외거래 플랫폼을 이용하는 다양한 세탁 방법을 활용한다 며 이로 인해 추적이 지연되는 상황이 발생한다 고 설명했다	해외 가상자산 거래소의 협조 여부도 문제다	국내 가상자산 거래소는 수사기관의 협조적인 태도를 취하고 있지만 내국인도 해외 거래소를 이용할 수 있기 해외 거래소의 협조 역시 필수적이다	해외 거래소는 연락이 안 되는 경우도 많고 협조 요청을 할 수 있는 방법도 탓에 수사 과정에 어려움이 발생한다	최 과장은 가상자산 탈취 사건이 발생하면 해커가 해외 거래소로 자산을 이동시키는데 자산을 동결하려고 할 해외 국가 별로 상황이 많이 다르다 고 말했다	이어 이메일만 보내도 협조하며 자산을 동결해주는 거래소도 있지만 형사사법공조나 법원의 결정을 요청하는 경우도 고 덧붙였다	범죄 발생 시 자료 제공을 요청해 고객 정보를 제공받아도 해당 정보가 부정확한 경우도 많다	거래소의 KYC 과정이 미흡한 탓이다	위조 또는 도용 신분증으로 KYC를 하는 경우도 있고 거래소가 아닌 단순 환전 플랫폼의 경우 본인인증 없이 이메일만으로도 이용이 가능하다	최 과장은 고객 정보가 부정확한 것은 일반 사이버범죄에서도 발생하는 문제이지만 가상자산 거래소의 KYC 절차가 부족한 경우도 많다 고 지적했다	이같은 문제점을 해결하기 위해 경찰청은 대응책을 마련 중이다	전문 수사 인력을 적극적으로 확보해둔 상태다
68,"N번방 · 박사방 등 가상자산 이용한 범죄, 수사 어려운 이유는?--1",경찰청은 가상자산 범죄에 적극 대응하기 위해 가상통화 수사팀을 마련했다	특히 가상자산 범죄 수사에는 국제 공조체계가 핵심이기 국제 공조 담당 인력을 대폭 확대했다	가상자산과 관련된 전문 교육도 실시하고 있으며 가상자산 추적 시스템을 도입한 후 추적 기술 개발을 위한 연구도 병행 중이다	인력 확보 외에 민간 차원에서 보강이 필요한 분야도	거래소들끼리 의심거래 정보를 공유하는 네트워크를 적극적으로 구축하고 KYC 절차도 강화해야 한다	최 과장은 가상자산 거래소들은 화상으로 KYC를 하는 더 정교한 KYC 정책을 시행해야 한다 고 말했다	저작권자 무단전재
